STATIONS_ID;MESS_DATUM;QN_9;TT_TU;RF_TU;eor
       4692;2018092100;    3;  13.0;  81.0;eor
       4692;2018092101;    3;  12.6;  85.0;eor
       4692;2018092102;    3;  12.8;  85.0;eor
       4692;2018092103;    3;  12.8;  87.0;eor
       4692;2018092104;    3;  12.9;  87.0;eor
       4692;2018092105;    3;  13.8;  86.0;eor
       4692;2018092106;    3;  17.0;  74.0;eor
       4692;2018092107;    3;  20.4;  59.0;eor
       4692;2018092108;    3;  20.8;  60.0;eor
       4692;2018092109;    3;  20.9;  54.0;eor
       4692;2018092110;    3;  21.4;  52.0;eor
       4692;2018092111;    3;  13.7;  84.0;eor
       4692;2018092112;    3;  12.9;  89.0;eor
       4692;2018092113;    3;  12.9;  89.0;eor
       4692;2018092114;    3;  13.6;  86.0;eor
       4692;2018092115;    3;  14.0;  79.0;eor
       4692;2018092116;    3;  13.7;  72.0;eor
       4692;2018092117;    3;  14.1;  60.0;eor
       4692;2018092118;    3;  12.7;  58.0;eor
       4692;2018092119;    3;  11.2;  66.0;eor
       4692;2018092120;    3;  11.5;  63.0;eor
       4692;2018092121;    3;  11.7;  60.0;eor
       4692;2018092122;    3;  11.8;  61.0;eor
       4692;2018092123;    3;  11.3;  63.0;eor
       4692;2018092200;    3;  11.3;  65.0;eor
       4692;2018092201;    3;  10.9;  67.0;eor
       4692;2018092202;    3;  10.5;  70.0;eor
       4692;2018092203;    3;  10.6;  71.0;eor
       4692;2018092204;    3;  10.2;  73.0;eor
       4692;2018092205;    3;   9.2;  77.0;eor
       4692;2018092206;    3;   9.2;  80.0;eor
       4692;2018092207;    3;  11.1;  72.0;eor
       4692;2018092208;    3;  11.9;  70.0;eor
       4692;2018092209;    3;  12.5;  68.0;eor
       4692;2018092210;    3;  13.8;  60.0;eor
       4692;2018092211;    3;  14.8;  54.0;eor
       4692;2018092212;    3;  13.5;  66.0;eor
       4692;2018092213;    3;  14.6;  64.0;eor
       4692;2018092214;    3;  13.1;  77.0;eor
       4692;2018092215;    3;  13.1;  75.0;eor
       4692;2018092216;    3;  11.7;  81.0;eor
       4692;2018092217;    3;  11.4;  85.0;eor
       4692;2018092218;    3;  10.7;  88.0;eor
       4692;2018092219;    3;  10.4;  89.0;eor
       4692;2018092220;    3;  10.2;  90.0;eor
       4692;2018092221;    3;   9.9;  91.0;eor
       4692;2018092222;    3;   9.6;  92.0;eor
       4692;2018092223;    3;   9.7;  93.0;eor
       4692;2018092300;    3;   9.8;  94.0;eor
       4692;2018092301;    3;   9.9;  94.0;eor
       4692;2018092302;    3;  10.2;  94.0;eor
       4692;2018092303;    3;  10.2;  94.0;eor
       4692;2018092304;    3;  10.2;  94.0;eor
       4692;2018092305;    3;  10.2;  94.0;eor
       4692;2018092306;    3;  10.3;  94.0;eor
       4692;2018092307;    3;  10.6;  94.0;eor
       4692;2018092308;    3;  11.0;  94.0;eor
       4692;2018092309;    3;  11.6;  94.0;eor
       4692;2018092310;    3;  12.2;  94.0;eor
       4692;2018092311;    3;  13.0;  93.0;eor
       4692;2018092312;    3;  13.3;  93.0;eor
       4692;2018092313;    3;  13.0;  94.0;eor
       4692;2018092314;    3;  12.2;  93.0;eor
       4692;2018092315;    3;  12.1;  89.0;eor
       4692;2018092316;    3;  10.3;  86.0;eor
       4692;2018092317;    3;  10.2;  85.0;eor
       4692;2018092318;    3;   9.2;  85.0;eor
       4692;2018092319;    3;   8.2;  83.0;eor
       4692;2018092320;    3;   8.2;  86.0;eor
       4692;2018092321;    3;   7.9;  90.0;eor
       4692;2018092322;    3;   8.2;  90.0;eor
       4692;2018092323;    3;   8.3;  90.0;eor
       4692;2018092400;    3;   8.1;  90.0;eor
       4692;2018092401;    3;   7.9;  89.0;eor
       4692;2018092402;    3;   7.8;  89.0;eor
       4692;2018092403;    3;   7.6;  89.0;eor
       4692;2018092404;    3;   7.4;  89.0;eor
       4692;2018092405;    3;   7.6;  90.0;eor
       4692;2018092406;    3;   7.4;  89.0;eor
       4692;2018092407;    3;   8.1;  87.0;eor
       4692;2018092408;    3;   9.1;  81.0;eor
       4692;2018092409;    3;   9.9;  77.0;eor
       4692;2018092410;    3;  11.2;  73.0;eor
       4692;2018092411;    3;  12.9;  60.0;eor
       4692;2018092412;    3;  13.3;  55.0;eor
       4692;2018092413;    3;  13.8;  52.0;eor
       4692;2018092414;    3;  11.8;  68.0;eor
       4692;2018092415;    3;  13.0;  53.0;eor
       4692;2018092416;    3;  11.8;  61.0;eor
       4692;2018092417;    3;   9.3;  79.0;eor
       4692;2018092418;    3;   7.9;  90.0;eor
       4692;2018092419;    3;   7.6;  92.0;eor
       4692;2018092420;    3;   6.8;  92.0;eor
       4692;2018092421;    3;   6.0;  94.0;eor
       4692;2018092422;    3;   5.4;  95.0;eor
       4692;2018092423;    3;   5.2;  96.0;eor
       4692;2018092500;    3;   4.8;  97.0;eor
       4692;2018092501;    3;   4.2;  97.0;eor
       4692;2018092502;    3;   3.8;  97.0;eor
       4692;2018092503;    3;   4.0;  98.0;eor
       4692;2018092504;    3;   3.9;  98.0;eor
       4692;2018092505;    3;   4.0;  98.0;eor
       4692;2018092506;    3;   3.8;  98.0;eor
       4692;2018092507;    3;   4.2;  98.0;eor
       4692;2018092508;    3;   4.6;  98.0;eor
       4692;2018092509;    3;   5.8;  97.0;eor
       4692;2018092510;    3;   9.9;  92.0;eor
       4692;2018092511;    3;  13.3;  55.0;eor
       4692;2018092512;    3;  14.3;  43.0;eor
       4692;2018092513;    3;  13.6;  49.0;eor
       4692;2018092514;    3;  13.9;  48.0;eor
       4692;2018092515;    3;  14.4;  42.0;eor
       4692;2018092516;    3;  14.6;  43.0;eor
       4692;2018092517;    3;  11.7;  60.0;eor
       4692;2018092518;    3;   9.5;  70.0;eor
       4692;2018092519;    3;   7.8;  77.0;eor
       4692;2018092520;    3;   6.4;  82.0;eor
       4692;2018092521;    3;   5.4;  85.0;eor
       4692;2018092522;    3;   4.7;  88.0;eor
       4692;2018092523;    3;   4.0;  90.0;eor
       4692;2018092600;    3;   3.3;  91.0;eor
       4692;2018092601;    3;   2.8;  92.0;eor
       4692;2018092602;    3;   2.5;  93.0;eor
       4692;2018092603;    3;   2.4;  93.0;eor
       4692;2018092604;    3;   2.1;  93.0;eor
       4692;2018092605;    3;   1.9;  93.0;eor
       4692;2018092606;    3;   2.2;  93.0;eor
       4692;2018092607;    3;   3.7;  90.0;eor
       4692;2018092608;    3;   6.1;  82.0;eor
       4692;2018092609;    3;  10.1;  66.0;eor
       4692;2018092610;    3;  13.0;  45.0;eor
       4692;2018092611;    3;  14.7;  39.0;eor
       4692;2018092612;    3;  15.6;  32.0;eor
       4692;2018092613;    3;  16.2;  34.0;eor
       4692;2018092614;    3;  17.7;  28.0;eor
       4692;2018092615;    3;  18.4;  24.0;eor
       4692;2018092616;    3;  18.4;  26.0;eor
       4692;2018092617;    3;  15.3;  41.0;eor
       4692;2018092618;    3;  11.9;  59.0;eor
       4692;2018092619;    3;   9.9;  67.0;eor
       4692;2018092620;    3;   8.4;  72.0;eor
       4692;2018092621;    3;   7.6;  76.0;eor
       4692;2018092622;    3;   6.8;  80.0;eor
       4692;2018092623;    3;   6.0;  83.0;eor
       4692;2018092700;    3;   5.5;  86.0;eor
       4692;2018092701;    3;   4.9;  88.0;eor
       4692;2018092702;    3;   4.4;  89.0;eor
       4692;2018092703;    3;   4.1;  91.0;eor
       4692;2018092704;    3;   3.7;  91.0;eor
       4692;2018092705;    3;   3.4;  92.0;eor
       4692;2018092706;    3;   3.6;  92.0;eor
       4692;2018092707;    3;   5.7;  86.0;eor
       4692;2018092708;    3;   8.7;  72.0;eor
       4692;2018092709;    3;  13.2;  57.0;eor
       4692;2018092710;    3;  17.7;  44.0;eor
       4692;2018092711;    3;  22.0;  29.0;eor
       4692;2018092712;    3;  22.8;  21.0;eor
       4692;2018092713;    3;  23.2;  19.0;eor
       4692;2018092714;    3;  23.6;  21.0;eor
       4692;2018092715;    3;  23.2;  22.0;eor
       4692;2018092716;    3;  22.9;  28.0;eor
       4692;2018092717;    3;  18.3;  42.0;eor
       4692;2018092718;    3;  14.2;  61.0;eor
       4692;2018092719;    3;  11.9;  70.0;eor
       4692;2018092720;    3;  10.6;  76.0;eor
       4692;2018092721;    3;   9.5;  80.0;eor
       4692;2018092722;    3;   8.6;  83.0;eor
       4692;2018092723;    3;   7.7;  86.0;eor
       4692;2018092800;    3;   7.0;  88.0;eor
       4692;2018092801;    3;   6.4;  89.0;eor
       4692;2018092802;    3;   5.7;  90.0;eor
       4692;2018092803;    3;   5.1;  91.0;eor
       4692;2018092804;    3;   4.5;  92.0;eor
       4692;2018092805;    3;   4.0;  92.0;eor
       4692;2018092806;    3;   3.9;  93.0;eor
       4692;2018092807;    3;   5.9;  90.0;eor
       4692;2018092808;    3;   7.5;  84.0;eor
       4692;2018092809;    3;   9.0;  80.0;eor
       4692;2018092810;    3;  10.0;  78.0;eor
       4692;2018092811;    3;  11.4;  77.0;eor
       4692;2018092812;    3;  12.8;  75.0;eor
       4692;2018092813;    3;  12.4;  75.0;eor
       4692;2018092814;    3;  12.4;  71.0;eor
       4692;2018092815;    3;  12.9;  61.0;eor
       4692;2018092816;    3;  13.2;  58.0;eor
       4692;2018092817;    3;  12.7;  60.0;eor
       4692;2018092818;    3;   9.5;  77.0;eor
       4692;2018092819;    3;   7.7;  83.0;eor
       4692;2018092820;    3;   6.5;  87.0;eor
       4692;2018092821;    3;   5.5;  90.0;eor
       4692;2018092822;    3;   4.8;  91.0;eor
       4692;2018092823;    3;   4.0;  92.0;eor
       4692;2018092900;    3;   3.1;  93.0;eor
       4692;2018092901;    3;   2.6;  93.0;eor
       4692;2018092902;    3;   1.7;  94.0;eor
       4692;2018092903;    3;   1.3;  94.0;eor
       4692;2018092904;    3;   0.8;  94.0;eor
       4692;2018092905;    3;   0.5;  94.0;eor
       4692;2018092906;    3;   0.2;  95.0;eor
       4692;2018092907;    3;   1.7;  93.0;eor
       4692;2018092908;    3;   4.3;  84.0;eor
       4692;2018092909;    3;   8.1;  71.0;eor
       4692;2018092910;    3;  12.4;  45.0;eor
       4692;2018092911;    3;  13.6;  32.0;eor
       4692;2018092912;    3;  14.6;  29.0;eor
       4692;2018092913;    3;  15.8;  24.0;eor
       4692;2018092914;    3;  16.0;  23.0;eor
       4692;2018092915;    3;  16.2;  22.0;eor
       4692;2018092916;    3;  15.7;  26.0;eor
       4692;2018092917;    3;  12.4;  38.0;eor
       4692;2018092918;    3;   9.1;  54.0;eor
       4692;2018092919;    3;   7.0;  65.0;eor
       4692;2018092920;    3;   5.9;  72.0;eor
       4692;2018092921;    3;   4.6;  78.0;eor
       4692;2018092922;    3;   3.8;  81.0;eor
       4692;2018092923;    3;   2.9;  84.0;eor
       4692;2018093000;    3;   2.5;  87.0;eor
       4692;2018093001;    3;   1.8;  89.0;eor
       4692;2018093002;    3;   1.3;  90.0;eor
       4692;2018093003;    3;   0.8;  91.0;eor
       4692;2018093004;    3;   0.3;  92.0;eor
       4692;2018093005;    3;  -0.1;  92.0;eor
       4692;2018093006;    3;  -0.2;  93.0;eor
       4692;2018093007;    3;   1.4;  90.0;eor
       4692;2018093008;    3;   4.6;  75.0;eor
       4692;2018093009;    3;   9.4;  62.0;eor
       4692;2018093010;    3;  14.3;  43.0;eor
       4692;2018093011;    3;  16.2;  36.0;eor
       4692;2018093012;    3;  16.7;  33.0;eor
       4692;2018093013;    3;  17.4;  32.0;eor
       4692;2018093014;    3;  17.8;  30.0;eor
       4692;2018093015;    3;  18.0;  30.0;eor
       4692;2018093016;    3;  17.3;  32.0;eor
       4692;2018093017;    3;  14.1;  48.0;eor
       4692;2018093018;    3;  10.8;  59.0;eor
       4692;2018093019;    3;   8.7;  66.0;eor
       4692;2018093020;    3;   7.2;  74.0;eor
       4692;2018093021;    3;   5.8;  80.0;eor
       4692;2018093022;    3;   4.7;  84.0;eor
       4692;2018093023;    3;   4.3;  85.0;eor
       4692;2018100100;    3;   4.4;  86.0;eor
       4692;2018100101;    3;   4.3;  87.0;eor
       4692;2018100102;    3;   4.2;  87.0;eor
       4692;2018100103;    3;   4.5;  88.0;eor
       4692;2018100104;    3;   5.0;  86.0;eor
       4692;2018100105;    3;   5.3;  86.0;eor
       4692;2018100106;    3;   5.4;  88.0;eor
       4692;2018100107;    3;   6.8;  88.0;eor
       4692;2018100108;    3;   8.6;  85.0;eor
       4692;2018100109;    3;  10.5;  75.0;eor
       4692;2018100110;    3;  11.4;  60.0;eor
       4692;2018100111;    3;  11.8;  58.0;eor
       4692;2018100112;    3;  13.2;  53.0;eor
       4692;2018100113;    3;  11.6;  70.0;eor
       4692;2018100114;    3;   9.6;  82.0;eor
       4692;2018100115;    3;  10.0;  71.0;eor
       4692;2018100116;    3;   9.9;  63.0;eor
       4692;2018100117;    3;   9.1;  71.0;eor
       4692;2018100118;    3;   8.8;  65.0;eor
       4692;2018100119;    3;   7.6;  76.0;eor
       4692;2018100120;    3;   6.9;  82.0;eor
       4692;2018100121;    3;   6.0;  85.0;eor
       4692;2018100122;    3;   5.7;  87.0;eor
       4692;2018100123;    3;   5.0;  92.0;eor
       4692;2018100200;    3;   5.4;  92.0;eor
       4692;2018100201;    3;   5.8;  92.0;eor
       4692;2018100202;    3;   5.9;  91.0;eor
       4692;2018100203;    3;   6.0;  92.0;eor
       4692;2018100204;    3;   6.0;  92.0;eor
       4692;2018100205;    3;   6.1;  91.0;eor
       4692;2018100206;    3;   6.4;  88.0;eor
       4692;2018100207;    3;   6.9;  84.0;eor
       4692;2018100208;    3;   6.8;  87.0;eor
       4692;2018100209;    3;   7.0;  90.0;eor
       4692;2018100210;    3;   7.2;  94.0;eor
       4692;2018100211;    3;   7.2;  93.0;eor
       4692;2018100212;    3;   7.4;  95.0;eor
       4692;2018100213;    3;   8.0;  95.0;eor
       4692;2018100214;    3;   8.4;  94.0;eor
       4692;2018100215;    3;   8.7;  95.0;eor
       4692;2018100216;    3;   9.4;  94.0;eor
       4692;2018100217;    3;   9.9;  93.0;eor
       4692;2018100218;    3;  10.3;  94.0;eor
       4692;2018100219;    3;  10.8;  94.0;eor
       4692;2018100220;    3;  11.3;  93.0;eor
       4692;2018100221;    3;  11.4;  92.0;eor
       4692;2018100222;    3;  11.3;  94.0;eor
       4692;2018100223;    3;  11.3;  94.0;eor
       4692;2018100300;    3;  11.2;  95.0;eor
       4692;2018100301;    3;  11.4;  95.0;eor
       4692;2018100302;    3;  11.0;  96.0;eor
       4692;2018100303;    3;  11.2;  95.0;eor
       4692;2018100304;    3;  10.5;  94.0;eor
       4692;2018100305;    3;   9.6;  97.0;eor
       4692;2018100306;    3;   9.8;  96.0;eor
       4692;2018100307;    3;  10.6;  95.0;eor
       4692;2018100308;    3;  11.4;  88.0;eor
       4692;2018100309;    3;  11.3;  85.0;eor
       4692;2018100310;    3;  12.3;  75.0;eor
       4692;2018100311;    3;  12.6;  71.0;eor
       4692;2018100312;    3;  13.1;  66.0;eor
       4692;2018100313;    3;  14.0;  60.0;eor
       4692;2018100314;    3;  13.6;  58.0;eor
       4692;2018100315;    3;  13.7;  59.0;eor
       4692;2018100316;    3;  13.1;  64.0;eor
       4692;2018100317;    3;  11.0;  80.0;eor
       4692;2018100318;    3;   9.2;  88.0;eor
       4692;2018100319;    3;   8.4;  90.0;eor
       4692;2018100320;    3;   7.1;  94.0;eor
       4692;2018100321;    3;   6.4;  94.0;eor
       4692;2018100322;    3;   5.8;  95.0;eor
       4692;2018100323;    3;   5.0;  95.0;eor
       4692;2018100400;    3;   4.6;  95.0;eor
       4692;2018100401;    3;   4.1;  96.0;eor
       4692;2018100402;    3;   3.6;  95.0;eor
       4692;2018100403;    3;   3.3;  97.0;eor
       4692;2018100404;    3;   3.7;  96.0;eor
       4692;2018100405;    3;   4.4;  93.0;eor
       4692;2018100406;    3;   5.0;  92.0;eor
       4692;2018100407;    3;   5.9;  90.0;eor
       4692;2018100408;    3;   7.4;  88.0;eor
       4692;2018100409;    3;   8.8;  84.0;eor
       4692;2018100410;    3;  10.3;  78.0;eor
       4692;2018100411;    3;  11.1;  78.0;eor
       4692;2018100412;    3;  12.2;  74.0;eor
       4692;2018100413;    3;  13.4;  72.0;eor
       4692;2018100414;    3;  14.4;  70.0;eor
       4692;2018100415;    3;  15.0;  65.0;eor
       4692;2018100416;    3;  15.4;  65.0;eor
       4692;2018100417;    3;  11.9;  81.0;eor
       4692;2018100418;    3;  10.0;  91.0;eor
       4692;2018100419;    3;   8.7;  93.0;eor
       4692;2018100420;    3;   7.8;  94.0;eor
       4692;2018100421;    3;   6.8;  95.0;eor
       4692;2018100422;    3;   6.3;  95.0;eor
       4692;2018100423;    3;   5.4;  95.0;eor
       4692;2018100500;    3;   5.2;  95.0;eor
       4692;2018100501;    3;   4.4;  95.0;eor
       4692;2018100502;    3;   3.9;  95.0;eor
       4692;2018100503;    3;   3.6;  95.0;eor
       4692;2018100504;    3;   3.2;  96.0;eor
       4692;2018100505;    3;   3.1;  96.0;eor
       4692;2018100506;    3;   3.0;  95.0;eor
       4692;2018100507;    3;   4.1;  93.0;eor
       4692;2018100508;    3;   8.0;  80.0;eor
       4692;2018100509;    3;  11.9;  68.0;eor
       4692;2018100510;    3;  17.1;  52.0;eor
       4692;2018100511;    3;  18.6;  45.0;eor
       4692;2018100512;    3;  20.4;  40.0;eor
       4692;2018100513;    3;  20.9;  38.0;eor
       4692;2018100514;    3;  21.7;  36.0;eor
       4692;2018100515;    3;  20.9;  40.0;eor
       4692;2018100516;    3;  20.0;  41.0;eor
       4692;2018100517;    3;  16.0;  61.0;eor
       4692;2018100518;    3;  12.9;  75.0;eor
       4692;2018100519;    3;  11.4;  83.0;eor
       4692;2018100520;    3;  10.2;  86.0;eor
       4692;2018100521;    3;   9.3;  90.0;eor
       4692;2018100522;    3;   8.4;  92.0;eor
       4692;2018100523;    3;   7.7;  93.0;eor
       4692;2018100600;    3;   7.1;  94.0;eor
       4692;2018100601;    3;   6.5;  94.0;eor
       4692;2018100602;    3;   6.1;  94.0;eor
       4692;2018100603;    3;   5.5;  95.0;eor
       4692;2018100604;    3;   5.1;  94.0;eor
       4692;2018100605;    3;   4.9;  95.0;eor
       4692;2018100606;    3;   4.9;  95.0;eor
       4692;2018100607;    3;   5.7;  93.0;eor
       4692;2018100608;    3;   8.6;  83.0;eor
       4692;2018100609;    3;  12.5;  74.0;eor
       4692;2018100610;    3;  16.7;  60.0;eor
       4692;2018100611;    3;  21.6;  51.0;eor
       4692;2018100612;    3;  22.4;  46.0;eor
       4692;2018100613;    3;  23.5;  43.0;eor
       4692;2018100614;    3;  23.5;  45.0;eor
       4692;2018100615;    3;  22.4;  48.0;eor
       4692;2018100616;    3;  22.4;  47.0;eor
       4692;2018100617;    3;  20.0;  59.0;eor
       4692;2018100618;    3;  16.6;  76.0;eor
       4692;2018100619;    3;  15.1;  81.0;eor
       4692;2018100620;    3;  13.9;  87.0;eor
       4692;2018100621;    3;  12.8;  90.0;eor
       4692;2018100622;    3;  12.0;  92.0;eor
       4692;2018100623;    3;  11.4;  93.0;eor
       4692;2018100700;    3;  10.5;  94.0;eor
       4692;2018100701;    3;   9.7;  95.0;eor
       4692;2018100702;    3;   9.9;  96.0;eor
       4692;2018100703;    3;  10.0;  96.0;eor
       4692;2018100704;    3;   9.5;  96.0;eor
       4692;2018100705;    3;   9.7;  96.0;eor
       4692;2018100706;    3;  10.6;  95.0;eor
       4692;2018100707;    3;  11.2;  94.0;eor
       4692;2018100708;    3;  12.7;  92.0;eor
       4692;2018100709;    3;  11.2;  86.0;eor
       4692;2018100710;    3;  11.6;  82.0;eor
       4692;2018100711;    3;  12.7;  78.0;eor
       4692;2018100712;    3;  12.7;  72.0;eor
       4692;2018100713;    3;  13.6;  67.0;eor
       4692;2018100714;    3;  15.2;  60.0;eor
       4692;2018100715;    3;  15.6;  57.0;eor
       4692;2018100716;    3;  14.5;  60.0;eor
       4692;2018100717;    3;  13.3;  63.0;eor
       4692;2018100718;    3;  11.0;  75.0;eor
       4692;2018100719;    3;   9.3;  84.0;eor
       4692;2018100720;    3;   8.0;  89.0;eor
       4692;2018100721;    3;   7.4;  89.0;eor
       4692;2018100722;    3;   6.6;  91.0;eor
       4692;2018100723;    3;   6.0;  93.0;eor
       4692;2018100800;    3;   5.4;  94.0;eor
       4692;2018100801;    3;   5.0;  94.0;eor
       4692;2018100802;    3;   4.5;  94.0;eor
       4692;2018100803;    3;   3.9;  95.0;eor
       4692;2018100804;    3;   3.7;  95.0;eor
       4692;2018100805;    3;   3.5;  95.0;eor
       4692;2018100806;    3;   3.3;  95.0;eor
       4692;2018100807;    3;   4.0;  92.0;eor
       4692;2018100808;    3;   7.1;  80.0;eor
       4692;2018100809;    3;  10.4;  74.0;eor
       4692;2018100810;    3;  14.5;  61.0;eor
       4692;2018100811;    3;  17.1;  53.0;eor
       4692;2018100812;    3;  17.8;  53.0;eor
       4692;2018100813;    3;  19.0;  50.0;eor
       4692;2018100814;    3;  18.3;  51.0;eor
       4692;2018100815;    3;  18.3;  54.0;eor
       4692;2018100816;    3;  17.8;  55.0;eor
       4692;2018100817;    3;  15.3;  71.0;eor
       4692;2018100818;    3;  12.6;  81.0;eor
       4692;2018100819;    3;  11.3;  85.0;eor
       4692;2018100820;    3;  10.1;  89.0;eor
       4692;2018100821;    3;   9.1;  92.0;eor
       4692;2018100822;    3;   8.6;  91.0;eor
       4692;2018100823;    3;   8.0;  92.0;eor
       4692;2018100900;    3;   7.4;  93.0;eor
       4692;2018100901;    3;   6.7;  92.0;eor
       4692;2018100902;    3;   6.0;  94.0;eor
       4692;2018100903;    3;   5.8;  93.0;eor
       4692;2018100904;    3;   5.5;  94.0;eor
       4692;2018100905;    3;   5.4;  94.0;eor
       4692;2018100906;    3;   5.4;  94.0;eor
       4692;2018100907;    3;   6.0;  92.0;eor
       4692;2018100908;    3;   7.6;  86.0;eor
       4692;2018100909;    3;  10.8;  76.0;eor
       4692;2018100910;    3;  14.7;  71.0;eor
       4692;2018100911;    3;  18.4;  64.0;eor
       4692;2018100912;    3;  20.8;  59.0;eor
       4692;2018100913;    3;  21.2;  54.0;eor
       4692;2018100914;    3;  21.5;  53.0;eor
       4692;2018100915;    3;  21.8;  52.0;eor
       4692;2018100916;    3;  19.0;  65.0;eor
       4692;2018100917;    3;  15.5;  78.0;eor
       4692;2018100918;    3;  13.4;  87.0;eor
       4692;2018100919;    3;  12.1;  90.0;eor
       4692;2018100920;    3;  10.9;  92.0;eor
       4692;2018100921;    3;  10.1;  94.0;eor
       4692;2018100922;    3;   9.4;  94.0;eor
       4692;2018100923;    3;   8.5;  94.0;eor
       4692;2018101000;    3;   7.7;  94.0;eor
       4692;2018101001;    3;   7.1;  94.0;eor
       4692;2018101002;    3;   6.6;  95.0;eor
       4692;2018101003;    3;   6.3;  95.0;eor
       4692;2018101004;    3;   6.3;  96.0;eor
       4692;2018101005;    3;   6.4;  97.0;eor
       4692;2018101006;    3;   6.2;  97.0;eor
       4692;2018101007;    3;   6.1;  96.0;eor
       4692;2018101008;    3;   8.8;  86.0;eor
       4692;2018101009;    3;  12.9;  76.0;eor
       4692;2018101010;    3;  19.0;  61.0;eor
       4692;2018101011;    3;  20.7;  53.0;eor
       4692;2018101012;    3;  22.2;  48.0;eor
       4692;2018101013;    3;  22.6;  47.0;eor
       4692;2018101014;    3;  22.5;  45.0;eor
       4692;2018101015;    3;  22.6;  48.0;eor
       4692;2018101016;    3;  21.4;  54.0;eor
       4692;2018101017;    3;  18.6;  65.0;eor
       4692;2018101018;    3;  15.3;  80.0;eor
       4692;2018101019;    3;  14.5;  84.0;eor
       4692;2018101020;    3;  17.3;  70.0;eor
       4692;2018101021;    3;  15.6;  75.0;eor
       4692;2018101022;    3;  16.8;  67.0;eor
       4692;2018101023;    3;  15.0;  76.0;eor
       4692;2018101100;    3;  12.1;  89.0;eor
       4692;2018101101;    3;  10.9;  92.0;eor
       4692;2018101102;    3;  10.3;  94.0;eor
       4692;2018101103;    3;   9.8;  95.0;eor
       4692;2018101104;    3;   9.2;  95.0;eor
       4692;2018101105;    3;   8.6;  95.0;eor
       4692;2018101106;    3;   9.1;  94.0;eor
       4692;2018101107;    3;   9.3;  96.0;eor
       4692;2018101108;    3;  12.9;  77.0;eor
       4692;2018101109;    3;  17.4;  61.0;eor
       4692;2018101110;    3;  19.3;  59.0;eor
       4692;2018101111;    3;  20.3;  54.0;eor
       4692;2018101112;    3;  22.4;  47.0;eor
       4692;2018101113;    3;  22.8;  44.0;eor
       4692;2018101114;    3;  23.2;  45.0;eor
       4692;2018101115;    3;  21.1;  56.0;eor
       4692;2018101116;    3;  20.2;  58.0;eor
       4692;2018101117;    3;  19.2;  60.0;eor
       4692;2018101118;    3;  18.2;  67.0;eor
       4692;2018101119;    3;  15.3;  81.0;eor
       4692;2018101120;    3;  14.3;  83.0;eor
       4692;2018101121;    3;  14.4;  84.0;eor
       4692;2018101122;    3;  13.0;  89.0;eor
       4692;2018101123;    3;  11.9;  92.0;eor
       4692;2018101200;    3;  11.4;  93.0;eor
       4692;2018101201;    3;  10.5;  95.0;eor
       4692;2018101202;    3;  10.5;  94.0;eor
       4692;2018101203;    3;  10.1;  95.0;eor
       4692;2018101204;    3;   9.6;  95.0;eor
       4692;2018101205;    3;   9.7;  96.0;eor
       4692;2018101206;    3;  10.2;  95.0;eor
       4692;2018101207;    3;  10.5;  94.0;eor
       4692;2018101208;    3;  13.4;  81.0;eor
       4692;2018101209;    3;  16.7;  72.0;eor
       4692;2018101210;    3;  21.3;  57.0;eor
       4692;2018101211;    3;  23.2;  49.0;eor
       4692;2018101212;    3;  24.3;  44.0;eor
       4692;2018101213;    3;  25.0;  42.0;eor
       4692;2018101214;    3;  25.1;  44.0;eor
       4692;2018101215;    3;  24.4;  48.0;eor
       4692;2018101216;    3;  23.2;  55.0;eor
       4692;2018101217;    3;  21.0;  63.0;eor
       4692;2018101218;    3;  17.6;  78.0;eor
       4692;2018101219;    3;  16.1;  84.0;eor
       4692;2018101220;    3;  15.1;  88.0;eor
       4692;2018101221;    3;  14.4;  90.0;eor
       4692;2018101222;    3;  13.6;  92.0;eor
       4692;2018101223;    3;  12.5;  94.0;eor
       4692;2018101300;    3;  11.9;  95.0;eor
       4692;2018101301;    3;  11.5;  95.0;eor
       4692;2018101302;    3;  11.0;  95.0;eor
       4692;2018101303;    3;  10.5;  95.0;eor
       4692;2018101304;    3;  10.5;  96.0;eor
       4692;2018101305;    3;   9.9;  96.0;eor
       4692;2018101306;    3;   9.6;  95.0;eor
       4692;2018101307;    3;  10.3;  95.0;eor
       4692;2018101308;    3;  13.0;  85.0;eor
       4692;2018101309;    3;  17.0;  71.0;eor
       4692;2018101310;    3;  22.0;  52.0;eor
       4692;2018101311;    3;  23.6;  46.0;eor
       4692;2018101312;    3;  24.7;  40.0;eor
       4692;2018101313;    3;  25.9;  38.0;eor
       4692;2018101314;    3;  25.4;  38.0;eor
       4692;2018101315;    3;  25.3;  39.0;eor
       4692;2018101316;    3;  24.1;  42.0;eor
       4692;2018101317;    3;  19.1;  61.0;eor
       4692;2018101318;    3;  16.0;  73.0;eor
       4692;2018101319;    3;  14.1;  81.0;eor
       4692;2018101320;    3;  12.8;  86.0;eor
       4692;2018101321;    3;  11.9;  88.0;eor
       4692;2018101322;    3;  11.5;  90.0;eor
       4692;2018101323;    3;  10.5;  92.0;eor
       4692;2018101400;    3;  10.4;  93.0;eor
       4692;2018101401;    3;  10.1;  92.0;eor
       4692;2018101402;    3;   9.8;  92.0;eor
       4692;2018101403;    3;   9.4;  93.0;eor
       4692;2018101404;    3;   8.8;  94.0;eor
       4692;2018101405;    3;   8.3;  94.0;eor
       4692;2018101406;    3;   8.3;  94.0;eor
       4692;2018101407;    3;   8.7;  94.0;eor
       4692;2018101408;    3;  12.9;  78.0;eor
       4692;2018101409;    3;  17.2;  62.0;eor
       4692;2018101410;    3;  20.7;  50.0;eor
       4692;2018101411;    3;  22.5;  45.0;eor
       4692;2018101412;    3;  23.0;  44.0;eor
       4692;2018101413;    3;  24.2;  42.0;eor
       4692;2018101414;    3;  24.4;  40.0;eor
       4692;2018101415;    3;  23.6;  39.0;eor
       4692;2018101416;    3;  22.7;  42.0;eor
       4692;2018101417;    3;  20.7;  49.0;eor
       4692;2018101418;    3;  19.3;  54.0;eor
       4692;2018101419;    3;  17.7;  60.0;eor
       4692;2018101420;    3;  15.1;  73.0;eor
       4692;2018101421;    3;  13.0;  82.0;eor
       4692;2018101422;    3;  11.9;  87.0;eor
       4692;2018101423;    3;  11.5;  88.0;eor
       4692;2018101500;    3;  11.0;  89.0;eor
       4692;2018101501;    3;  10.0;  93.0;eor
       4692;2018101502;    3;   9.9;  92.0;eor
       4692;2018101503;    3;   9.5;  94.0;eor
       4692;2018101504;    3;   9.3;  94.0;eor
       4692;2018101505;    3;   9.4;  94.0;eor
       4692;2018101506;    3;   9.8;  93.0;eor
       4692;2018101507;    3;   9.9;  92.0;eor
       4692;2018101508;    3;  11.6;  85.0;eor
       4692;2018101509;    3;  14.6;  69.0;eor
       4692;2018101510;    3;  18.9;  56.0;eor
       4692;2018101511;    3;  23.0;  39.0;eor
       4692;2018101512;    3;  24.4;  31.0;eor
       4692;2018101513;    3;  25.3;  29.0;eor
       4692;2018101514;    3;  25.1;  27.0;eor
       4692;2018101515;    3;  25.0;  29.0;eor
       4692;2018101516;    3;  21.6;  42.0;eor
       4692;2018101517;    3;  16.9;  60.0;eor
       4692;2018101518;    3;  15.0;  67.0;eor
       4692;2018101519;    3;  13.3;  74.0;eor
       4692;2018101520;    3;  12.1;  79.0;eor
       4692;2018101521;    3;  10.9;  84.0;eor
       4692;2018101522;    3;  10.2;  86.0;eor
       4692;2018101523;    3;   8.8;  90.0;eor
       4692;2018101600;    3;   8.4;  91.0;eor
       4692;2018101601;    3;   7.9;  91.0;eor
       4692;2018101602;    3;   7.2;  93.0;eor
       4692;2018101603;    3;   7.3;  93.0;eor
       4692;2018101604;    3;   7.2;  93.0;eor
       4692;2018101605;    3;   6.8;  93.0;eor
       4692;2018101606;    3;   7.0;  94.0;eor
       4692;2018101607;    3;   8.0;  90.0;eor
       4692;2018101608;    3;  10.4;  78.0;eor
       4692;2018101609;    3;  13.2;  71.0;eor
       4692;2018101610;    3;  17.2;  54.0;eor
       4692;2018101611;    3;  21.4;  47.0;eor
       4692;2018101612;    3;  23.9;  40.0;eor
       4692;2018101613;    3;  24.7;  35.0;eor
       4692;2018101614;    3;  25.9;  30.0;eor
       4692;2018101615;    3;  23.7;  42.0;eor
       4692;2018101616;    3;  22.3;  47.0;eor
       4692;2018101617;    3;  18.8;  59.0;eor
       4692;2018101618;    3;  16.0;  72.0;eor
       4692;2018101619;    3;  14.8;  76.0;eor
       4692;2018101620;    3;  14.3;  79.0;eor
       4692;2018101621;    3;  13.7;  81.0;eor
       4692;2018101622;    3;  13.2;  84.0;eor
       4692;2018101623;    3;  11.9;  88.0;eor
       4692;2018101700;    3;  10.9;  91.0;eor
       4692;2018101701;    3;  10.0;  93.0;eor
       4692;2018101702;    3;   9.5;  94.0;eor
       4692;2018101703;    3;   8.9;  94.0;eor
       4692;2018101704;    3;   8.3;  94.0;eor
       4692;2018101705;    3;   7.9;  95.0;eor
       4692;2018101706;    3;   8.0;  94.0;eor
       4692;2018101707;    3;   8.7;  93.0;eor
       4692;2018101708;    3;  10.4;  87.0;eor
       4692;2018101709;    3;  13.5;  74.0;eor
       4692;2018101710;    3;  17.0;  65.0;eor
       4692;2018101711;    3;  20.9;  51.0;eor
       4692;2018101712;    3;  22.8;  41.0;eor
       4692;2018101713;    3;  23.3;  40.0;eor
       4692;2018101714;    3;  23.8;  40.0;eor
       4692;2018101715;    3;  22.9;  43.0;eor
       4692;2018101716;    3;  20.9;  53.0;eor
       4692;2018101717;    3;  17.2;  68.0;eor
       4692;2018101718;    3;  14.9;  76.0;eor
       4692;2018101719;    3;  13.3;  81.0;eor
       4692;2018101720;    3;  12.6;  85.0;eor
       4692;2018101721;    3;  11.3;  89.0;eor
       4692;2018101722;    3;  11.0;  90.0;eor
       4692;2018101723;    3;  10.5;  91.0;eor
       4692;2018101800;    3;   9.9;  93.0;eor
       4692;2018101801;    3;   9.2;  94.0;eor
       4692;2018101802;    3;   8.6;  94.0;eor
       4692;2018101803;    3;   8.3;  94.0;eor
       4692;2018101804;    3;   8.3;  95.0;eor
       4692;2018101805;    3;   7.8;  95.0;eor
       4692;2018101806;    3;   9.1;  92.0;eor
       4692;2018101807;    3;   9.9;  91.0;eor
       4692;2018101808;    3;  11.2;  88.0;eor
       4692;2018101809;    3;  14.4;  81.0;eor
       4692;2018101810;    3;  16.4;  71.0;eor
       4692;2018101811;    3;  17.4;  66.0;eor
       4692;2018101812;    3;  16.5;  71.0;eor
       4692;2018101813;    3;  16.9;  66.0;eor
       4692;2018101814;    3;  17.0;  66.0;eor
       4692;2018101815;    3;  16.4;  63.0;eor
       4692;2018101816;    3;  15.9;  66.0;eor
       4692;2018101817;    3;  15.5;  65.0;eor
       4692;2018101818;    3;  15.1;  64.0;eor
       4692;2018101819;    3;  14.6;  67.0;eor
       4692;2018101820;    3;  13.2;  73.0;eor
       4692;2018101821;    3;  10.8;  84.0;eor
       4692;2018101822;    3;   9.2;  90.0;eor
       4692;2018101823;    3;   8.4;  91.0;eor
       4692;2018101900;    3;   7.7;  93.0;eor
       4692;2018101901;    3;   7.0;  94.0;eor
       4692;2018101902;    3;   6.2;  95.0;eor
       4692;2018101903;    3;   5.7;  94.0;eor
       4692;2018101904;    3;   5.2;  94.0;eor
       4692;2018101905;    3;   5.1;  95.0;eor
       4692;2018101906;    3;   5.6;  94.0;eor
       4692;2018101907;    3;   6.3;  93.0;eor
       4692;2018101908;    3;   7.8;  88.0;eor
       4692;2018101909;    3;  10.0;  82.0;eor
       4692;2018101910;    3;  12.0;  78.0;eor
       4692;2018101911;    3;  14.3;  72.0;eor
       4692;2018101912;    3;  15.2;  71.0;eor
       4692;2018101913;    3;  15.3;  65.0;eor
       4692;2018101914;    3;  15.9;  62.0;eor
       4692;2018101915;    3;  15.8;  61.0;eor
       4692;2018101916;    3;  15.7;  61.0;eor
       4692;2018101917;    3;  14.3;  71.0;eor
       4692;2018101918;    3;  13.5;  75.0;eor
       4692;2018101919;    3;  13.0;  78.0;eor
       4692;2018101920;    3;  11.7;  84.0;eor
       4692;2018101921;    3;  10.9;  85.0;eor
       4692;2018101922;    3;  10.6;  88.0;eor
       4692;2018101923;    3;  10.7;  88.0;eor
       4692;2018102000;    3;  10.6;  89.0;eor
       4692;2018102001;    3;   9.6;  92.0;eor
       4692;2018102002;    3;   8.2;  94.0;eor
       4692;2018102003;    3;   7.3;  94.0;eor
       4692;2018102004;    3;   6.4;  95.0;eor
       4692;2018102005;    3;   6.2;  95.0;eor
       4692;2018102006;    3;   6.5;  98.0;eor
       4692;2018102007;    3;   6.7;  99.0;eor
       4692;2018102008;    3;   7.0;  98.0;eor
       4692;2018102009;    3;   7.9;  93.0;eor
       4692;2018102010;    3;  10.4;  81.0;eor
       4692;2018102011;    3;  12.9;  65.0;eor
       4692;2018102012;    3;  14.6;  52.0;eor
       4692;2018102013;    3;  14.8;  51.0;eor
       4692;2018102014;    3;  15.3;  52.0;eor
       4692;2018102015;    3;  14.5;  50.0;eor
       4692;2018102016;    3;  13.7;  55.0;eor
       4692;2018102017;    3;  12.3;  62.0;eor
       4692;2018102018;    3;   9.5;  76.0;eor
       4692;2018102019;    3;   8.1;  80.0;eor
       4692;2018102020;    3;   6.6;  86.0;eor
       4692;2018102021;    3;   5.5;  89.0;eor
       4692;2018102022;    3;   4.5;  91.0;eor
       4692;2018102023;    3;   4.4;  92.0;eor
       4692;2018102100;    3;   4.6;  92.0;eor
       4692;2018102101;    3;   4.4;  92.0;eor
       4692;2018102102;    3;   3.5;  93.0;eor
       4692;2018102103;    3;   2.7;  94.0;eor
       4692;2018102104;    3;   2.1;  94.0;eor
       4692;2018102105;    3;   1.7;  95.0;eor
       4692;2018102106;    3;   1.3;  95.0;eor
       4692;2018102107;    3;   1.5;  95.0;eor
       4692;2018102108;    3;   3.0;  89.0;eor
       4692;2018102109;    3;   6.2;  78.0;eor
       4692;2018102110;    3;  10.9;  66.0;eor
       4692;2018102111;    3;  14.2;  52.0;eor
       4692;2018102112;    3;  15.5;  49.0;eor
       4692;2018102113;    3;  16.2;  46.0;eor
       4692;2018102114;    3;  15.9;  43.0;eor
       4692;2018102115;    3;  16.1;  44.0;eor
       4692;2018102116;    3;  13.6;  55.0;eor
       4692;2018102117;    3;  10.7;  69.0;eor
       4692;2018102118;    3;   8.5;  79.0;eor
       4692;2018102119;    3;   7.5;  83.0;eor
       4692;2018102120;    3;   6.5;  86.0;eor
       4692;2018102121;    3;   5.7;  89.0;eor
       4692;2018102122;    3;   4.9;  91.0;eor
       4692;2018102123;    3;   4.2;  92.0;eor
       4692;2018102200;    3;   3.6;  93.0;eor
       4692;2018102201;    3;   3.3;  93.0;eor
       4692;2018102202;    3;   2.5;  94.0;eor
       4692;2018102203;    3;   2.1;  94.0;eor
       4692;2018102204;    3;   2.0;  94.0;eor
       4692;2018102205;    3;   2.8;  93.0;eor
       4692;2018102206;    3;   3.7;  90.0;eor
       4692;2018102207;    3;   4.5;  87.0;eor
       4692;2018102208;    3;   6.1;  83.0;eor
       4692;2018102209;    3;   7.2;  81.0;eor
       4692;2018102210;    3;   8.2;  78.0;eor
       4692;2018102211;    3;   8.6;  85.0;eor
       4692;2018102212;    3;  11.3;  80.0;eor
       4692;2018102213;    3;  12.2;  71.0;eor
       4692;2018102214;    3;  12.3;  68.0;eor
       4692;2018102215;    3;  12.7;  62.0;eor
       4692;2018102216;    3;  12.0;  68.0;eor
       4692;2018102217;    3;  11.4;  72.0;eor
       4692;2018102218;    3;   8.9;  83.0;eor
       4692;2018102219;    3;   6.7;  90.0;eor
       4692;2018102220;    3;   6.0;  92.0;eor
       4692;2018102221;    3;   4.8;  94.0;eor
       4692;2018102222;    3;   3.7;  95.0;eor
       4692;2018102223;    3;   3.1;  94.0;eor
       4692;2018102300;    3;   3.7;  98.0;eor
       4692;2018102301;    3;   3.4;  99.0;eor
       4692;2018102302;    3;   3.3; 100.0;eor
       4692;2018102303;    3;   3.1;  98.0;eor
       4692;2018102304;    3;   3.4;  98.0;eor
       4692;2018102305;    3;   3.9;  95.0;eor
       4692;2018102306;    3;   4.6;  93.0;eor
       4692;2018102307;    3;   5.5;  88.0;eor
       4692;2018102308;    3;   6.5;  84.0;eor
       4692;2018102309;    3;   7.1;  84.0;eor
       4692;2018102310;    3;   7.7;  85.0;eor
       4692;2018102311;    3;   8.6;  83.0;eor
       4692;2018102312;    3;   9.4;  80.0;eor
       4692;2018102313;    3;  10.0;  78.0;eor
       4692;2018102314;    3;  10.3;  78.0;eor
       4692;2018102315;    3;  10.7;  77.0;eor
       4692;2018102316;    3;  10.4;  85.0;eor
       4692;2018102317;    3;  10.2;  90.0;eor
       4692;2018102318;    3;  10.2;  94.0;eor
       4692;2018102319;    3;  10.6;  92.0;eor
       4692;2018102320;    3;  10.5;  93.0;eor
       4692;2018102321;    3;  10.6;  94.0;eor
       4692;2018102322;    3;  10.8;  95.0;eor
       4692;2018102323;    3;  11.0;  94.0;eor
       4692;2018102400;    3;  11.0;  94.0;eor
       4692;2018102401;    3;  11.1;  93.0;eor
       4692;2018102402;    3;  11.4;  93.0;eor
       4692;2018102403;    3;  11.6;  93.0;eor
       4692;2018102404;    3;  12.0;  93.0;eor
       4692;2018102405;    3;  12.2;  93.0;eor
       4692;2018102406;    3;  12.4;  93.0;eor
       4692;2018102407;    3;  12.5;  93.0;eor
       4692;2018102408;    3;  12.7;  93.0;eor
       4692;2018102409;    3;  13.6;  86.0;eor
       4692;2018102410;    3;  13.6;  83.0;eor
       4692;2018102411;    3;  13.7;  82.0;eor
       4692;2018102412;    3;  13.7;  80.0;eor
       4692;2018102413;    3;  13.4;  80.0;eor
       4692;2018102414;    3;  13.7;  79.0;eor
       4692;2018102415;    3;  13.1;  86.0;eor
       4692;2018102416;    3;  12.9;  86.0;eor
       4692;2018102417;    3;  12.4;  91.0;eor
       4692;2018102418;    3;  12.2;  91.0;eor
       4692;2018102419;    3;  12.2;  91.0;eor
       4692;2018102420;    3;  11.7;  94.0;eor
       4692;2018102421;    3;  11.7;  96.0;eor
       4692;2018102422;    3;  11.9;  93.0;eor
       4692;2018102423;    3;  11.6;  96.0;eor
       4692;2018102500;    3;  11.7;  95.0;eor
       4692;2018102501;    3;  11.6;  96.0;eor
       4692;2018102502;    3;  12.1;  92.0;eor
       4692;2018102503;    3;  12.0;  92.0;eor
       4692;2018102504;    3;  12.0;  90.0;eor
       4692;2018102505;    3;  11.8;  89.0;eor
       4692;2018102506;    3;  11.8;  90.0;eor
       4692;2018102507;    3;  12.0;  86.0;eor
       4692;2018102508;    3;  12.0;  84.0;eor
       4692;2018102509;    3;  12.0;  85.0;eor
       4692;2018102510;    3;  12.1;  77.0;eor
       4692;2018102511;    3;  11.8;  73.0;eor
       4692;2018102512;    3;  12.0;  71.0;eor
       4692;2018102513;    3;  11.7;  73.0;eor
       4692;2018102514;    3;  11.5;  75.0;eor
       4692;2018102515;    3;  11.3;  75.0;eor
       4692;2018102516;    3;  11.0;  79.0;eor
       4692;2018102517;    3;  10.4;  84.0;eor
       4692;2018102518;    3;  10.3;  88.0;eor
       4692;2018102519;    3;  10.3;  86.0;eor
       4692;2018102520;    3;  10.1;  88.0;eor
       4692;2018102521;    3;   9.7;  90.0;eor
       4692;2018102522;    3;   9.4;  92.0;eor
       4692;2018102523;    3;   9.3;  92.0;eor
       4692;2018102600;    3;   9.0;  92.0;eor
       4692;2018102601;    3;   8.9;  91.0;eor
       4692;2018102602;    3;   8.9;  90.0;eor
       4692;2018102603;    3;   8.7;  90.0;eor
       4692;2018102604;    3;   8.7;  91.0;eor
       4692;2018102605;    3;   8.1;  94.0;eor
       4692;2018102606;    3;   8.0;  92.0;eor
       4692;2018102607;    3;   8.3;  90.0;eor
       4692;2018102608;    3;   8.6;  87.0;eor
       4692;2018102609;    3;   8.6;  84.0;eor
       4692;2018102610;    3;   8.2;  87.0;eor
       4692;2018102611;    3;   8.3;  86.0;eor
       4692;2018102612;    3;   9.0;  78.0;eor
       4692;2018102613;    3;   9.6;  73.0;eor
       4692;2018102614;    3;   9.6;  74.0;eor
       4692;2018102615;    3;   9.6;  76.0;eor
       4692;2018102616;    3;   9.6;  75.0;eor
       4692;2018102617;    3;   9.4;  76.0;eor
       4692;2018102618;    3;   9.4;  74.0;eor
       4692;2018102619;    3;   8.9;  80.0;eor
       4692;2018102620;    3;   8.4;  84.0;eor
       4692;2018102621;    3;   7.1;  78.0;eor
       4692;2018102622;    3;   6.2;  89.0;eor
       4692;2018102623;    3;   6.3;  94.0;eor
       4692;2018102700;    3;   6.6;  88.0;eor
       4692;2018102701;    3;   6.5;  87.0;eor
       4692;2018102702;    3;   6.4;  84.0;eor
       4692;2018102703;    3;   6.0;  85.0;eor
       4692;2018102704;    3;   5.8;  86.0;eor
       4692;2018102705;    3;   5.6;  86.0;eor
       4692;2018102706;    3;   5.5;  87.0;eor
       4692;2018102707;    3;   5.4;  88.0;eor
       4692;2018102708;    3;   5.5;  88.0;eor
       4692;2018102709;    3;   5.6;  86.0;eor
       4692;2018102710;    3;   5.7;  86.0;eor
       4692;2018102711;    3;   6.3;  82.0;eor
       4692;2018102712;    3;   6.2;  79.0;eor
       4692;2018102713;    3;   6.5;  80.0;eor
       4692;2018102714;    3;   6.6;  78.0;eor
       4692;2018102715;    3;   6.8;  78.0;eor
       4692;2018102716;    3;   6.7;  76.0;eor
       4692;2018102717;    3;   6.2;  83.0;eor
       4692;2018102718;    3;   5.2;  87.0;eor
       4692;2018102719;    3;   3.9;  92.0;eor
       4692;2018102720;    3;   3.2;  94.0;eor
       4692;2018102721;    3;   2.7;  95.0;eor
       4692;2018102722;    3;   2.5;  94.0;eor
       4692;2018102723;    3;   2.2;  95.0;eor
       4692;2018102800;    3;   1.9;  96.0;eor
       4692;2018102801;    3;   2.2;  96.0;eor
       4692;2018102802;    3;   2.3;  95.0;eor
       4692;2018102803;    3;   2.1;  96.0;eor
       4692;2018102804;    3;   2.9;  88.0;eor
       4692;2018102805;    3;   3.7;  82.0;eor
       4692;2018102806;    3;   3.5;  80.0;eor
       4692;2018102807;    3;   3.6;  79.0;eor
       4692;2018102808;    3;   4.1;  73.0;eor
       4692;2018102809;    3;   4.4;  70.0;eor
       4692;2018102810;    3;   5.2;  65.0;eor
       4692;2018102811;    3;   5.6;  65.0;eor
       4692;2018102812;    3;   5.3;  66.0;eor
       4692;2018102813;    3;   5.8;  66.0;eor
       4692;2018102814;    3;   6.4;  66.0;eor
       4692;2018102815;    3;   6.0;  66.0;eor
       4692;2018102816;    3;   5.5;  69.0;eor
       4692;2018102817;    3;   5.5;  70.0;eor
       4692;2018102818;    3;   5.2;  73.0;eor
       4692;2018102819;    3;   5.3;  73.0;eor
       4692;2018102820;    3;   5.4;  73.0;eor
       4692;2018102821;    3;   5.6;  73.0;eor
       4692;2018102822;    3;   5.6;  73.0;eor
       4692;2018102823;    3;   5.6;  73.0;eor
       4692;2018102900;    3;   5.5;  76.0;eor
       4692;2018102901;    3;   5.4;  76.0;eor
       4692;2018102902;    3;   5.4;  77.0;eor
       4692;2018102903;    3;   5.4;  78.0;eor
       4692;2018102904;    3;   5.2;  79.0;eor
       4692;2018102905;    3;   5.1;  80.0;eor
       4692;2018102906;    3;   5.0;  80.0;eor
       4692;2018102907;    3;   5.0;  82.0;eor
       4692;2018102908;    3;   4.9;  81.0;eor
       4692;2018102909;    3;   5.2;  80.0;eor
       4692;2018102910;    3;   5.5;  77.0;eor
       4692;2018102911;    3;   5.6;  76.0;eor
       4692;2018102912;    3;   5.4;  78.0;eor
       4692;2018102913;    3;   5.4;  79.0;eor
       4692;2018102914;    3;   5.3;  80.0;eor
       4692;2018102915;    3;   5.4;  81.0;eor
       4692;2018102916;    3;   5.1;  82.0;eor
       4692;2018102917;    3;   4.8;  84.0;eor
       4692;2018102918;    3;   4.9;  84.0;eor
       4692;2018102919;    3;   4.9;  84.0;eor
       4692;2018102920;    3;   5.0;  84.0;eor
       4692;2018102921;    3;   5.2;  84.0;eor
       4692;2018102922;    3;   5.2;  85.0;eor
       4692;2018102923;    3;   5.4;  84.0;eor
       4692;2018103000;    3;   5.5;  84.0;eor
       4692;2018103001;    3;   5.5;  91.0;eor
       4692;2018103002;    3;   5.8;  93.0;eor
       4692;2018103003;    3;   5.9;  92.0;eor
       4692;2018103004;    3;   6.3;  89.0;eor
       4692;2018103005;    3;   6.5;  90.0;eor
       4692;2018103006;    3;   6.7;  90.0;eor
       4692;2018103007;    3;   7.3;  87.0;eor
       4692;2018103008;    3;   7.4;  82.0;eor
       4692;2018103009;    3;   6.2;  85.0;eor
       4692;2018103010;    3;   6.3;  79.0;eor
       4692;2018103011;    3;   5.4;  77.0;eor
       4692;2018103012;    3;   5.0;  78.0;eor
       4692;2018103013;    3;   3.6;  87.0;eor
       4692;2018103014;    3;   3.7;  86.0;eor
       4692;2018103015;    3;   3.2;  87.0;eor
       4692;2018103016;    3;   3.0;  91.0;eor
       4692;2018103017;    3;   4.8;  91.0;eor
       4692;2018103018;    3;   6.7;  90.0;eor
       4692;2018103019;    3;   7.3;  88.0;eor
       4692;2018103020;    3;   7.1;  87.0;eor
       4692;2018103021;    3;   6.9;  87.0;eor
       4692;2018103022;    3;   7.1;  85.0;eor
       4692;2018103023;    3;   7.3;  83.0;eor
       4692;2018103100;    3;   7.1;  82.0;eor
       4692;2018103101;    3;   6.4;  81.0;eor
       4692;2018103102;    3;   5.2;  86.0;eor
       4692;2018103103;    3;   3.6;  93.0;eor
       4692;2018103104;    3;   3.1;  94.0;eor
       4692;2018103105;    3;   2.5;  96.0;eor
       4692;2018103106;    3;   1.5;  97.0;eor
       4692;2018103107;    3;   1.6;  98.0;eor
       4692;2018103108;    3;   3.1;  95.0;eor
       4692;2018103109;    3;   5.5;  87.0;eor
       4692;2018103110;    3;   8.4;  71.0;eor
       4692;2018103111;    3;   8.2;  71.0;eor
       4692;2018103112;    3;   9.0;  68.0;eor
       4692;2018103113;    3;   9.5;  66.0;eor
       4692;2018103114;    3;   9.5;  67.0;eor
       4692;2018103115;    3;   9.1;  69.0;eor
       4692;2018103116;    3;   9.0;  69.0;eor
       4692;2018103117;    3;   7.9;  84.0;eor
       4692;2018103118;    3;   7.3;  91.0;eor
       4692;2018103119;    3;   7.2;  91.0;eor
       4692;2018103120;    3;   7.2;  92.0;eor
       4692;2018103121;    3;   7.5;  91.0;eor
       4692;2018103122;    3;   7.0;  89.0;eor
       4692;2018103123;    3;   5.3;  95.0;eor
       4692;2018110100;    3;   4.3;  96.0;eor
       4692;2018110101;    3;   3.4;  96.0;eor
       4692;2018110102;    3;   3.4;  97.0;eor
       4692;2018110103;    3;   2.9;  97.0;eor
       4692;2018110104;    3;   2.8;  97.0;eor
       4692;2018110105;    3;   2.5;  98.0;eor
       4692;2018110106;    3;   1.9;  98.0;eor
       4692;2018110107;    3;   1.9;  99.0;eor
       4692;2018110108;    3;   2.9;  98.0;eor
       4692;2018110109;    3;   4.5;  93.0;eor
       4692;2018110110;    3;   5.7;  92.0;eor
       4692;2018110111;    3;   6.7;  89.0;eor
       4692;2018110112;    3;   7.9;  84.0;eor
       4692;2018110113;    3;   8.4;  84.0;eor
       4692;2018110114;    3;   8.9;  85.0;eor
       4692;2018110115;    3;   8.4;  90.0;eor
       4692;2018110116;    3;   7.7;  95.0;eor
       4692;2018110117;    3;   6.5;  96.0;eor
       4692;2018110118;    3;   6.5;  96.0;eor
       4692;2018110119;    3;   6.4;  96.0;eor
       4692;2018110120;    3;   6.5;  97.0;eor
       4692;2018110121;    3;   6.4;  96.0;eor
       4692;2018110122;    3;   9.2;  88.0;eor
       4692;2018110123;    3;  10.2;  82.0;eor
       4692;2018110200;    3;  10.1;  82.0;eor
       4692;2018110201;    3;   9.7;  84.0;eor
       4692;2018110202;    3;   9.9;  81.0;eor
       4692;2018110203;    3;   9.9;  81.0;eor
       4692;2018110204;    3;   9.8;  81.0;eor
       4692;2018110205;    3;   9.4;  83.0;eor
       4692;2018110206;    3;   8.2;  88.0;eor
       4692;2018110207;    3;   6.5;  93.0;eor
       4692;2018110208;    3;   7.4;  92.0;eor
       4692;2018110209;    3;   9.0;  81.0;eor
       4692;2018110210;    3;   9.9;  72.0;eor
       4692;2018110211;    3;   9.9;  70.0;eor
       4692;2018110212;    3;  10.4;  69.0;eor
       4692;2018110213;    3;  10.7;  64.0;eor
       4692;2018110214;    3;  10.4;  65.0;eor
       4692;2018110215;    3;   9.5;  71.0;eor
       4692;2018110216;    3;   9.0;  75.0;eor
       4692;2018110217;    3;   8.7;  74.0;eor
       4692;2018110218;    3;   8.5;  71.0;eor
       4692;2018110219;    3;   7.8;  81.0;eor
       4692;2018110220;    3;   7.2;  84.0;eor
       4692;2018110221;    3;   6.9;  86.0;eor
       4692;2018110222;    3;   5.6;  89.0;eor
       4692;2018110223;    3;   3.5;  93.0;eor
       4692;2018110300;    3;   2.2;  95.0;eor
       4692;2018110301;    3;   1.4;  95.0;eor
       4692;2018110302;    3;   1.2;  96.0;eor
       4692;2018110303;    3;   1.8;  99.0;eor
       4692;2018110304;    3;   1.5;  99.0;eor
       4692;2018110305;    3;   0.9;  99.0;eor
       4692;2018110306;    3;   0.7;  99.0;eor
       4692;2018110307;    3;   0.3;  99.0;eor
       4692;2018110308;    3;   0.3; 100.0;eor
       4692;2018110309;    3;   0.6;  99.0;eor
       4692;2018110310;    3;   2.2;  92.0;eor
       4692;2018110311;    3;   5.8;  75.0;eor
       4692;2018110312;    3;   9.0;  65.0;eor
       4692;2018110313;    3;  10.7;  46.0;eor
       4692;2018110314;    3;  10.7;  43.0;eor
       4692;2018110315;    3;   9.9;  54.0;eor
       4692;2018110316;    3;   6.7;  71.0;eor
       4692;2018110317;    3;   4.3;  81.0;eor
       4692;2018110318;    3;   2.5;  89.0;eor
       4692;2018110319;    3;   1.8;  91.0;eor
       4692;2018110320;    3;   1.0;  93.0;eor
       4692;2018110321;    3;   0.3;  95.0;eor
       4692;2018110322;    3;  -0.1;  96.0;eor
       4692;2018110323;    3;  -0.4;  96.0;eor
       4692;2018110400;    3;  -0.8;  96.0;eor
       4692;2018110401;    3;  -0.1;  96.0;eor
       4692;2018110402;    3;   0.9;  92.0;eor
       4692;2018110403;    3;   1.7;  90.0;eor
       4692;2018110404;    3;   2.3;  88.0;eor
       4692;2018110405;    3;   2.8;  87.0;eor
       4692;2018110406;    3;   3.4;  87.0;eor
       4692;2018110407;    3;   3.9;  86.0;eor
       4692;2018110408;    3;   4.5;  84.0;eor
       4692;2018110409;    3;   5.7;  83.0;eor
       4692;2018110410;    3;   7.5;  82.0;eor
       4692;2018110411;    3;   9.8;  83.0;eor
       4692;2018110412;    3;   9.9;  84.0;eor
       4692;2018110413;    3;  10.1;  84.0;eor
       4692;2018110414;    3;  10.4;  82.0;eor
       4692;2018110415;    3;  10.4;  81.0;eor
       4692;2018110416;    3;  10.2;  81.0;eor
       4692;2018110417;    3;  10.1;  82.0;eor
       4692;2018110418;    3;  10.0;  83.0;eor
       4692;2018110419;    3;  10.0;  83.0;eor
       4692;2018110420;    3;   9.9;  83.0;eor
       4692;2018110421;    3;   9.8;  84.0;eor
       4692;2018110422;    3;   9.5;  84.0;eor
       4692;2018110423;    3;   9.2;  85.0;eor
       4692;2018110500;    3;   9.1;  86.0;eor
       4692;2018110501;    3;   9.0;  86.0;eor
       4692;2018110502;    3;   9.0;  87.0;eor
       4692;2018110503;    3;   9.2;  88.0;eor
       4692;2018110504;    3;   9.1;  89.0;eor
       4692;2018110505;    3;   9.1;  89.0;eor
       4692;2018110506;    3;   9.5;  89.0;eor
       4692;2018110507;    3;   9.7;  88.0;eor
       4692;2018110508;    3;  10.1;  87.0;eor
       4692;2018110509;    3;  10.4;  85.0;eor
       4692;2018110510;    3;  11.1;  81.0;eor
       4692;2018110511;    3;  12.0;  77.0;eor
       4692;2018110512;    3;  12.0;  76.0;eor
       4692;2018110513;    3;  12.5;  76.0;eor
       4692;2018110514;    3;  12.5;  75.0;eor
       4692;2018110515;    3;  12.3;  78.0;eor
       4692;2018110516;    3;  11.9;  80.0;eor
       4692;2018110517;    3;  10.3;  89.0;eor
       4692;2018110518;    3;  10.1;  90.0;eor
       4692;2018110519;    3;   9.5;  92.0;eor
       4692;2018110520;    3;   8.9;  94.0;eor
       4692;2018110521;    3;   8.0;  95.0;eor
       4692;2018110522;    3;   7.0;  96.0;eor
       4692;2018110523;    3;   6.0;  97.0;eor
       4692;2018110600;    3;   5.7;  97.0;eor
       4692;2018110601;    3;   5.3;  97.0;eor
       4692;2018110602;    3;   4.9;  97.0;eor
       4692;2018110603;    3;   4.9;  98.0;eor
       4692;2018110604;    3;   5.1;  98.0;eor
       4692;2018110605;    3;   4.8;  98.0;eor
       4692;2018110606;    3;   4.3;  99.0;eor
       4692;2018110607;    3;   4.4;  98.0;eor
       4692;2018110608;    3;   5.1;  95.0;eor
       4692;2018110609;    3;   7.1;  90.0;eor
       4692;2018110610;    3;   8.7;  89.0;eor
       4692;2018110611;    3;  11.2;  87.0;eor
       4692;2018110612;    3;  14.5;  75.0;eor
       4692;2018110613;    3;  17.1;  54.0;eor
       4692;2018110614;    3;  17.0;  52.0;eor
       4692;2018110615;    3;  16.3;  58.0;eor
       4692;2018110616;    3;  13.0;  75.0;eor
       4692;2018110617;    3;  10.3;  87.0;eor
       4692;2018110618;    3;   9.4;  91.0;eor
       4692;2018110619;    3;   8.4;  92.0;eor
       4692;2018110620;    3;   7.5;  95.0;eor
       4692;2018110621;    3;   6.8;  96.0;eor
       4692;2018110622;    3;   6.4;  96.0;eor
       4692;2018110623;    3;   6.2;  96.0;eor
       4692;2018110700;    3;   5.6;  97.0;eor
       4692;2018110701;    3;   5.8;  97.0;eor
       4692;2018110702;    3;   5.2;  96.0;eor
       4692;2018110703;    3;   4.6;  97.0;eor
       4692;2018110704;    3;   4.6;  97.0;eor
       4692;2018110705;    3;   4.3;  97.0;eor
       4692;2018110706;    3;   4.2;  97.0;eor
       4692;2018110707;    3;   3.8;  96.0;eor
       4692;2018110708;    3;   4.8;  96.0;eor
       4692;2018110709;    3;   7.5;  91.0;eor
       4692;2018110710;    3;  10.7;  78.0;eor
       4692;2018110711;    3;  14.6;  57.0;eor
       4692;2018110712;    3;  15.7;  51.0;eor
       4692;2018110713;    3;  16.9;  48.0;eor
       4692;2018110714;    3;  15.8;  54.0;eor
       4692;2018110715;    3;  14.6;  58.0;eor
       4692;2018110716;    3;  13.0;  62.0;eor
       4692;2018110717;    3;  10.6;  75.0;eor
       4692;2018110718;    3;  10.2;  88.0;eor
       4692;2018110719;    3;  10.2;  92.0;eor
       4692;2018110720;    3;  10.0;  94.0;eor
       4692;2018110721;    3;   9.9;  95.0;eor
       4692;2018110722;    3;   9.8;  95.0;eor
       4692;2018110723;    3;  11.3;  85.0;eor
       4692;2018110800;    3;  11.2;  85.0;eor
       4692;2018110801;    3;  10.7;  86.0;eor
       4692;2018110802;    3;   9.3;  93.0;eor
       4692;2018110803;    3;   9.6;  93.0;eor
       4692;2018110804;    3;   9.7;  93.0;eor
       4692;2018110805;    3;   9.7;  93.0;eor
       4692;2018110806;    3;   8.4;  95.0;eor
       4692;2018110807;    3;   9.4;  91.0;eor
       4692;2018110808;    3;   9.9;  89.0;eor
       4692;2018110809;    3;  11.0;  83.0;eor
       4692;2018110810;    3;  11.7;  77.0;eor
       4692;2018110811;    3;  13.0;  69.0;eor
       4692;2018110812;    3;  14.0;  63.0;eor
       4692;2018110813;    3;  12.6;  64.0;eor
       4692;2018110814;    3;  12.5;  67.0;eor
       4692;2018110815;    3;  11.5;  72.0;eor
       4692;2018110816;    3;   9.3;  83.0;eor
       4692;2018110817;    3;   7.6;  87.0;eor
       4692;2018110818;    3;   6.5;  91.0;eor
       4692;2018110819;    3;   5.4;  93.0;eor
       4692;2018110820;    3;   4.9;  94.0;eor
       4692;2018110821;    3;   4.7;  95.0;eor
       4692;2018110822;    3;   5.1;  94.0;eor
       4692;2018110823;    3;   5.7;  92.0;eor
       4692;2018110900;    3;   6.2;  91.0;eor
       4692;2018110901;    3;   6.7;  90.0;eor
       4692;2018110902;    3;   7.1;  89.0;eor
       4692;2018110903;    3;   7.4;  93.0;eor
       4692;2018110904;    3;   7.8;  92.0;eor
       4692;2018110905;    3;   9.0;  90.0;eor
       4692;2018110906;    3;   7.5;  94.0;eor
       4692;2018110907;    3;   6.9;  96.0;eor
       4692;2018110908;    3;   7.0;  96.0;eor
       4692;2018110909;    3;  10.5;  86.0;eor
       4692;2018110910;    3;  12.9;  73.0;eor
       4692;2018110911;    3;  14.0;  67.0;eor
       4692;2018110912;    3;  14.8;  64.0;eor
       4692;2018110913;    3;  15.3;  61.0;eor
       4692;2018110914;    3;  14.3;  66.0;eor
       4692;2018110915;    3;  13.5;  71.0;eor
       4692;2018110916;    3;  12.5;  77.0;eor
       4692;2018110917;    3;  11.5;  83.0;eor
       4692;2018110918;    3;  11.0;  87.0;eor
       4692;2018110919;    3;  10.5;  93.0;eor
       4692;2018110920;    3;   9.8;  94.0;eor
       4692;2018110921;    3;  11.0;  81.0;eor
       4692;2018110922;    3;  10.5;  83.0;eor
       4692;2018110923;    3;   9.8;  86.0;eor
       4692;2018111000;    3;   9.6;  86.0;eor
       4692;2018111001;    3;   9.3;  86.0;eor
       4692;2018111002;    3;   9.0;  87.0;eor
       4692;2018111003;    3;   9.6;  82.0;eor
       4692;2018111004;    3;  10.0;  80.0;eor
       4692;2018111005;    3;   9.6;  82.0;eor
       4692;2018111006;    3;   9.9;  82.0;eor
       4692;2018111007;    3;  10.4;  80.0;eor
       4692;2018111008;    3;  10.4;  81.0;eor
       4692;2018111009;    3;   9.8;  88.0;eor
       4692;2018111010;    3;   9.8;  90.0;eor
       4692;2018111011;    3;  10.7;  88.0;eor
       4692;2018111012;    3;  11.8;  84.0;eor
       4692;2018111013;    3;  12.5;  82.0;eor
       4692;2018111014;    3;  13.4;  76.0;eor
       4692;2018111015;    3;  12.6;  82.0;eor
       4692;2018111016;    3;  12.3;  83.0;eor
       4692;2018111017;    3;  12.4;  83.0;eor
       4692;2018111018;    3;  12.2;  82.0;eor
       4692;2018111019;    3;  12.8;  82.0;eor
       4692;2018111020;    3;  12.2;  87.0;eor
       4692;2018111021;    3;  11.8;  89.0;eor
       4692;2018111022;    3;  12.0;  88.0;eor
       4692;2018111023;    3;  12.2;  86.0;eor
       4692;2018111100;    3;  11.0;  95.0;eor
       4692;2018111101;    3;  11.5;  88.0;eor
       4692;2018111102;    3;  11.9;  82.0;eor
       4692;2018111103;    3;  11.3;  83.0;eor
       4692;2018111104;    3;  11.3;  83.0;eor
       4692;2018111105;    3;  11.4;  81.0;eor
       4692;2018111106;    3;  11.7;  80.0;eor
       4692;2018111107;    3;  11.8;  79.0;eor
       4692;2018111108;    3;  11.9;  77.0;eor
       4692;2018111109;    3;  12.0;  76.0;eor
       4692;2018111110;    3;  12.9;  70.0;eor
       4692;2018111111;    3;  13.2;  71.0;eor
       4692;2018111112;    3;  13.3;  71.0;eor
       4692;2018111113;    3;  13.7;  71.0;eor
       4692;2018111114;    3;  13.3;  73.0;eor
       4692;2018111115;    3;  12.3;  84.0;eor
       4692;2018111116;    3;  11.4;  94.0;eor
       4692;2018111117;    3;  11.1;  97.0;eor
       4692;2018111118;    3;  11.0;  96.0;eor
       4692;2018111119;    3;  10.8;  97.0;eor
       4692;2018111120;    3;  10.7;  92.0;eor
       4692;2018111121;    3;  10.2;  95.0;eor
       4692;2018111122;    3;  10.0;  97.0;eor
       4692;2018111123;    3;   9.8;  97.0;eor
       4692;2018111200;    3;   9.8;  97.0;eor
       4692;2018111201;    3;   9.8;  98.0;eor
       4692;2018111202;    3;   9.7;  98.0;eor
       4692;2018111203;    3;   9.8;  98.0;eor
       4692;2018111204;    3;   9.8;  98.0;eor
       4692;2018111205;    3;   9.8;  98.0;eor
       4692;2018111206;    3;   9.8;  98.0;eor
       4692;2018111207;    3;  10.2;  98.0;eor
       4692;2018111208;    3;  11.2;  97.0;eor
       4692;2018111209;    3;  13.6;  85.0;eor
       4692;2018111210;    3;  16.2;  70.0;eor
       4692;2018111211;    3;  17.4;  60.0;eor
       4692;2018111212;    3;  17.5;  60.0;eor
       4692;2018111213;    3;  16.9;  63.0;eor
       4692;2018111214;    3;  18.3;  60.0;eor
       4692;2018111215;    3;  17.3;  65.0;eor
       4692;2018111216;    3;  16.7;  68.0;eor
       4692;2018111217;    3;  16.4;  72.0;eor
       4692;2018111218;    3;  15.7;  77.0;eor
       4692;2018111219;    3;  13.9;  85.0;eor
       4692;2018111220;    3;  11.9;  86.0;eor
       4692;2018111221;    3;  10.9;  92.0;eor
       4692;2018111222;    3;  10.9;  94.0;eor
       4692;2018111223;    3;  10.8;  96.0;eor
       4692;2018111300;    3;  10.6;  95.0;eor
       4692;2018111301;    3;  10.4;  97.0;eor
       4692;2018111302;    3;  10.3;  97.0;eor
       4692;2018111303;    3;  10.0;  98.0;eor
       4692;2018111304;    3;   9.8;  96.0;eor
       4692;2018111305;    3;  10.0;  93.0;eor
       4692;2018111306;    3;   9.9;  93.0;eor
       4692;2018111307;    3;  10.0;  93.0;eor
       4692;2018111308;    3;  10.0;  93.0;eor
       4692;2018111309;    3;  10.3;  91.0;eor
       4692;2018111310;    3;  11.3;  83.0;eor
       4692;2018111311;    3;  12.5;  76.0;eor
       4692;2018111312;    3;  12.3;  76.0;eor
       4692;2018111313;    3;  12.0;  75.0;eor
       4692;2018111314;    3;  12.3;  62.0;eor
       4692;2018111315;    3;  12.1;  63.0;eor
       4692;2018111316;    3;  11.0;  70.0;eor
       4692;2018111317;    3;   9.2;  78.0;eor
       4692;2018111318;    3;   7.2;  89.0;eor
       4692;2018111319;    3;   7.4;  90.0;eor
       4692;2018111320;    3;   6.6;  93.0;eor
       4692;2018111321;    3;   7.2;  93.0;eor
       4692;2018111322;    3;   7.3;  93.0;eor
       4692;2018111323;    3;   7.0;  95.0;eor
       4692;2018111400;    3;   6.5;  96.0;eor
       4692;2018111401;    3;   7.0;  94.0;eor
       4692;2018111402;    3;   7.0;  94.0;eor
       4692;2018111403;    3;   6.7;  95.0;eor
       4692;2018111404;    3;   6.2;  95.0;eor
       4692;2018111405;    3;   4.6;  96.0;eor
       4692;2018111406;    3;   4.0;  96.0;eor
       4692;2018111407;    3;   3.4;  96.0;eor
       4692;2018111408;    3;   3.8;  98.0;eor
       4692;2018111409;    3;   4.8;  94.0;eor
       4692;2018111410;    3;   7.3;  86.0;eor
       4692;2018111411;    3;   9.8;  78.0;eor
       4692;2018111412;    3;  11.2;  70.0;eor
       4692;2018111413;    3;  11.7;  68.0;eor
       4692;2018111414;    3;  10.5;  74.0;eor
       4692;2018111415;    3;   9.0;  80.0;eor
       4692;2018111416;    3;   7.6;  87.0;eor
       4692;2018111417;    3;   7.5;  87.0;eor
       4692;2018111418;    3;   7.5;  88.0;eor
       4692;2018111419;    3;   7.6;  87.0;eor
       4692;2018111420;    3;   6.4;  91.0;eor
       4692;2018111421;    3;   6.5;  92.0;eor
       4692;2018111422;    3;   7.3;  88.0;eor
       4692;2018111423;    3;   6.5;  89.0;eor
       4692;2018111500;    3;   6.3;  89.0;eor
       4692;2018111501;    3;   6.4;  90.0;eor
       4692;2018111502;    3;   6.3;  91.0;eor
       4692;2018111503;    3;   6.0;  91.0;eor
       4692;2018111504;    3;   5.7;  91.0;eor
       4692;2018111505;    3;   5.7;  90.0;eor
       4692;2018111506;    3;   5.6;  89.0;eor
       4692;2018111507;    3;   5.5;  90.0;eor
       4692;2018111508;    3;   5.4;  89.0;eor
       4692;2018111509;    3;   5.1;  89.0;eor
       4692;2018111510;    3;   5.4;  88.0;eor
       4692;2018111511;    3;   5.8;  88.0;eor
       4692;2018111512;    3;   5.9;  85.0;eor
       4692;2018111513;    3;   5.9;  84.0;eor
       4692;2018111514;    3;   5.8;  86.0;eor
       4692;2018111515;    3;   5.5;  87.0;eor
       4692;2018111516;    3;   5.4;  88.0;eor
       4692;2018111517;    3;   5.0;  87.0;eor
       4692;2018111518;    3;   5.2;  87.0;eor
       4692;2018111519;    3;   5.0;  88.0;eor
       4692;2018111520;    3;   4.9;  87.0;eor
       4692;2018111521;    3;   4.7;  88.0;eor
       4692;2018111522;    3;   4.9;  87.0;eor
       4692;2018111523;    3;   5.3;  86.0;eor
       4692;2018111600;    3;   5.1;  86.0;eor
       4692;2018111601;    3;   4.8;  88.0;eor
       4692;2018111602;    3;   4.9;  88.0;eor
       4692;2018111603;    3;   5.3;  86.0;eor
       4692;2018111604;    3;   3.5;  93.0;eor
       4692;2018111605;    3;   3.3;  93.0;eor
       4692;2018111606;    3;   3.8;  93.0;eor
       4692;2018111607;    3;   3.1;  94.0;eor
       4692;2018111608;    3;   4.1;  91.0;eor
       4692;2018111609;    3;   6.2;  81.0;eor
       4692;2018111610;    3;   7.7;  71.0;eor
       4692;2018111611;    3;   8.7;  64.0;eor
       4692;2018111612;    3;   9.9;  58.0;eor
       4692;2018111613;    3;  10.1;  58.0;eor
       4692;2018111614;    3;  10.4;  55.0;eor
       4692;2018111615;    3;   9.6;  61.0;eor
       4692;2018111616;    3;   7.8;  66.0;eor
       4692;2018111617;    3;   4.5;  83.0;eor
       4692;2018111618;    3;   3.2;  88.0;eor
       4692;2018111619;    3;   2.1;  91.0;eor
       4692;2018111620;    3;   1.5;  93.0;eor
       4692;2018111621;    3;   0.8;  94.0;eor
       4692;2018111622;    3;   0.4;  95.0;eor
       4692;2018111623;    3;   0.1;  96.0;eor
       4692;2018111700;    3;  -0.5;  96.0;eor
       4692;2018111701;    3;  -0.8;  96.0;eor
       4692;2018111702;    3;  -1.1;  96.0;eor
       4692;2018111703;    3;  -1.3;  96.0;eor
       4692;2018111704;    3;  -1.0;  96.0;eor
       4692;2018111705;    3;  -0.4;  95.0;eor
       4692;2018111706;    3;  -1.1;  96.0;eor
       4692;2018111707;    3;  -1.5;  96.0;eor
       4692;2018111708;    3;  -1.1;  97.0;eor
       4692;2018111709;    3;   0.8;  93.0;eor
       4692;2018111710;    3;   5.4;  75.0;eor
       4692;2018111711;    3;   8.9;  49.0;eor
       4692;2018111712;    3;  10.3;  39.0;eor
       4692;2018111713;    3;  10.6;  36.0;eor
       4692;2018111714;    3;  10.0;  38.0;eor
       4692;2018111715;    3;   9.4;  39.0;eor
       4692;2018111716;    3;   6.1;  56.0;eor
       4692;2018111717;    3;   3.1;  69.0;eor
       4692;2018111718;    3;   1.6;  82.0;eor
       4692;2018111719;    3;   4.8;  54.0;eor
       4692;2018111720;    3;   4.6;  56.0;eor
       4692;2018111721;    3;   3.1;  65.0;eor
       4692;2018111722;    3;   3.5;  65.0;eor
       4692;2018111723;    3;   0.6;  81.0;eor
       4692;2018111800;    3;   0.7;  80.0;eor
       4692;2018111801;    3;  -0.6;  86.0;eor
       4692;2018111802;    3;  -1.2;  88.0;eor
       4692;2018111803;    3;  -1.6;  89.0;eor
       4692;2018111804;    3;  -2.0;  92.0;eor
       4692;2018111805;    3;  -2.1;  92.0;eor
       4692;2018111806;    3;  -2.7;  94.0;eor
       4692;2018111807;    3;  -2.9;  92.0;eor
       4692;2018111808;    3;  -2.3;  88.0;eor
       4692;2018111809;    3;  -0.2;  81.0;eor
       4692;2018111810;    3;   3.3;  61.0;eor
       4692;2018111811;    3;   7.6;  30.0;eor
       4692;2018111812;    3;   8.3;  25.0;eor
       4692;2018111813;    3;   8.2;  26.0;eor
       4692;2018111814;    3;   7.5;  30.0;eor
       4692;2018111815;    3;   7.1;  26.0;eor
       4692;2018111816;    3;   4.6;  35.0;eor
       4692;2018111817;    3;   2.2;  49.0;eor
       4692;2018111818;    3;   1.2;  65.0;eor
       4692;2018111819;    3;   1.0;  55.0;eor
       4692;2018111820;    3;   2.5;  39.0;eor
       4692;2018111821;    3;   2.5;  51.0;eor
       4692;2018111822;    3;   1.5;  67.0;eor
       4692;2018111823;    3;   1.5;  74.0;eor
       4692;2018111900;    3;   2.6;  80.0;eor
       4692;2018111901;    3;   3.3;  75.0;eor
       4692;2018111902;    3;   3.5;  77.0;eor
       4692;2018111903;    3;   3.9;  78.0;eor
       4692;2018111904;    3;   3.7;  83.0;eor
       4692;2018111905;    3;   3.8;  83.0;eor
       4692;2018111906;    3;   4.1;  81.0;eor
       4692;2018111907;    3;   3.9;  82.0;eor
       4692;2018111908;    3;   4.1;  80.0;eor
       4692;2018111909;    3;   3.6;  85.0;eor
       4692;2018111910;    3;   4.1;  75.0;eor
       4692;2018111911;    3;   4.2;  71.0;eor
       4692;2018111912;    3;   4.8;  70.0;eor
       4692;2018111913;    3;   4.3;  71.0;eor
       4692;2018111914;    3;   3.8;  78.0;eor
       4692;2018111915;    3;   3.9;  73.0;eor
       4692;2018111916;    3;   3.3;  78.0;eor
       4692;2018111917;    3;   2.8;  82.0;eor
       4692;2018111918;    3;   3.0;  77.0;eor
       4692;2018111919;    3;   3.1;  74.0;eor
       4692;2018111920;    3;   3.1;  71.0;eor
       4692;2018111921;    3;   3.0;  71.0;eor
       4692;2018111922;    3;   2.8;  69.0;eor
       4692;2018111923;    3;   2.5;  70.0;eor
       4692;2018112000;    3;   2.1;  72.0;eor
       4692;2018112001;    3;   1.8;  70.0;eor
       4692;2018112002;    3;   1.6;  72.0;eor
       4692;2018112003;    3;   1.4;  73.0;eor
       4692;2018112004;    3;   1.7;  71.0;eor
       4692;2018112005;    3;   1.7;  71.0;eor
       4692;2018112006;    3;   1.8;  72.0;eor
       4692;2018112007;    3;   1.8;  72.0;eor
       4692;2018112008;    3;   2.1;  71.0;eor
       4692;2018112009;    3;   2.3;  71.0;eor
       4692;2018112010;    3;   2.8;  69.0;eor
       4692;2018112011;    3;   3.1;  69.0;eor
       4692;2018112012;    3;   3.1;  71.0;eor
       4692;2018112013;    3;   3.6;  72.0;eor
       4692;2018112014;    3;   3.0;  72.0;eor
       4692;2018112015;    3;   2.2;  83.0;eor
       4692;2018112016;    3;   1.7;  85.0;eor
       4692;2018112017;    3;   1.9;  83.0;eor
       4692;2018112018;    3;   2.1;  83.0;eor
       4692;2018112019;    3;   2.1;  82.0;eor
       4692;2018112020;    3;   1.9;  83.0;eor
       4692;2018112021;    3;   2.2;  82.0;eor
       4692;2018112022;    3;   2.6;  81.0;eor
       4692;2018112023;    3;   2.9;  79.0;eor
       4692;2018112100;    3;   2.7;  80.0;eor
       4692;2018112101;    3;   2.9;  80.0;eor
       4692;2018112102;    3;   2.6;  80.0;eor
       4692;2018112103;    3;   2.1;  82.0;eor
       4692;2018112104;    3;   1.6;  84.0;eor
       4692;2018112105;    3;   1.3;  85.0;eor
       4692;2018112106;    3;   1.2;  85.0;eor
       4692;2018112107;    3;   1.1;  85.0;eor
       4692;2018112108;    3;   1.3;  85.0;eor
       4692;2018112109;    3;   1.7;  84.0;eor
       4692;2018112110;    3;   1.8;  84.0;eor
       4692;2018112111;    3;   1.9;  83.0;eor
       4692;2018112112;    3;   2.3;  81.0;eor
       4692;2018112113;    3;   2.5;  81.0;eor
       4692;2018112114;    3;   2.2;  82.0;eor
       4692;2018112115;    3;   2.1;  82.0;eor
       4692;2018112116;    3;   2.0;  83.0;eor
       4692;2018112117;    3;   2.4;  81.0;eor
       4692;2018112118;    3;   2.7;  80.0;eor
       4692;2018112119;    3;   2.8;  81.0;eor
       4692;2018112120;    3;   2.8;  82.0;eor
       4692;2018112121;    3;   2.7;  84.0;eor
       4692;2018112122;    3;   2.7;  84.0;eor
       4692;2018112123;    3;   2.6;  84.0;eor
       4692;2018112200;    3;   2.5;  84.0;eor
       4692;2018112201;    3;   2.4;  84.0;eor
       4692;2018112202;    3;   2.4;  84.0;eor
       4692;2018112203;    3;   2.3;  86.0;eor
       4692;2018112204;    3;   2.2;  86.0;eor
       4692;2018112205;    3;   2.3;  87.0;eor
       4692;2018112206;    3;   2.4;  87.0;eor
       4692;2018112207;    3;   2.6;  86.0;eor
       4692;2018112208;    3;   3.0;  85.0;eor
       4692;2018112209;    3;   3.1;  85.0;eor
       4692;2018112210;    3;   3.5;  82.0;eor
       4692;2018112211;    3;   4.0;  77.0;eor
       4692;2018112212;    3;   4.3;  72.0;eor
       4692;2018112213;    3;   4.2;  74.0;eor
       4692;2018112214;    3;   4.2;  76.0;eor
       4692;2018112215;    3;   4.2;  75.0;eor
       4692;2018112216;    3;   3.4;  79.0;eor
       4692;2018112217;    3;   2.5;  83.0;eor
       4692;2018112218;    3;   1.1;  89.0;eor
       4692;2018112219;    3;  -0.1;  92.0;eor
       4692;2018112220;    3;  -0.7;  93.0;eor
       4692;2018112221;    3;   0.5;  91.0;eor
       4692;2018112222;    3;   1.0;  90.0;eor
       4692;2018112223;    3;  -0.3;  93.0;eor
       4692;2018112300;    3;  -1.0;  95.0;eor
       4692;2018112301;    3;  -1.6;  95.0;eor
       4692;2018112302;    3;  -2.0;  95.0;eor
       4692;2018112303;    3;  -2.3;  95.0;eor
       4692;2018112304;    3;  -2.4;  95.0;eor
       4692;2018112305;    3;  -2.7;  95.0;eor
       4692;2018112306;    3;  -2.8;  95.0;eor
       4692;2018112307;    3;  -2.5;  94.0;eor
       4692;2018112308;    3;  -2.1;  94.0;eor
       4692;2018112309;    3;  -0.8;  92.0;eor
       4692;2018112310;    3;   1.2;  87.0;eor
       4692;2018112311;    3;   3.8;  81.0;eor
       4692;2018112312;    3;   6.8;  71.0;eor
       4692;2018112313;    3;   8.0;  66.0;eor
       4692;2018112314;    3;   7.9;  64.0;eor
       4692;2018112315;    3;   5.9;  76.0;eor
       4692;2018112316;    3;   3.4;  86.0;eor
       4692;2018112317;    3;   2.1;  90.0;eor
       4692;2018112318;    3;   0.9;  93.0;eor
       4692;2018112319;    3;   0.8;  95.0;eor
       4692;2018112320;    3;   0.1;  95.0;eor
       4692;2018112321;    3;  -0.3;  96.0;eor
       4692;2018112322;    3;  -0.6;  96.0;eor
       4692;2018112323;    3;  -0.8;  96.0;eor
       4692;2018112400;    3;  -1.0;  97.0;eor
       4692;2018112401;    3;  -1.1;  96.0;eor
       4692;2018112402;    3;  -0.9;  96.0;eor
       4692;2018112403;    3;  -0.6;  96.0;eor
       4692;2018112404;    3;   1.6;  90.0;eor
       4692;2018112405;    3;   2.0;  89.0;eor
       4692;2018112406;    3;   2.1;  90.0;eor
       4692;2018112407;    3;   2.2;  91.0;eor
       4692;2018112408;    3;   2.3;  93.0;eor
       4692;2018112409;    3;   2.6;  91.0;eor
       4692;2018112410;    3;   2.9;  91.0;eor
       4692;2018112411;    3;   2.9;  92.0;eor
       4692;2018112412;    3;   3.5;  92.0;eor
       4692;2018112413;    3;   3.9;  93.0;eor
       4692;2018112414;    3;   4.3;  95.0;eor
       4692;2018112415;    3;   4.5;  97.0;eor
       4692;2018112416;    3;   4.8;  97.0;eor
       4692;2018112417;    3;   4.8;  97.0;eor
       4692;2018112418;    3;   4.8;  98.0;eor
       4692;2018112419;    3;   4.8;  98.0;eor
       4692;2018112420;    3;   4.9;  98.0;eor
       4692;2018112421;    3;   4.7;  98.0;eor
       4692;2018112422;    3;   4.1;  98.0;eor
       4692;2018112423;    3;   4.1;  98.0;eor
       4692;2018112500;    3;   4.4;  98.0;eor
       4692;2018112501;    3;   4.6;  98.0;eor
       4692;2018112502;    3;   4.4;  98.0;eor
       4692;2018112503;    3;   4.6;  98.0;eor
       4692;2018112504;    3;   4.5;  98.0;eor
       4692;2018112505;    3;   4.5;  98.0;eor
       4692;2018112506;    3;   4.5;  98.0;eor
       4692;2018112507;    3;   4.2;  98.0;eor
       4692;2018112508;    3;   3.7;  99.0;eor
       4692;2018112509;    3;   3.9;  99.0;eor
       4692;2018112510;    3;   4.4;  99.0;eor
       4692;2018112511;    3;   5.5;  93.0;eor
       4692;2018112512;    3;   6.2;  90.0;eor
       4692;2018112513;    3;   7.1;  86.0;eor
       4692;2018112514;    3;   7.1;  84.0;eor
       4692;2018112515;    3;   6.6;  84.0;eor
       4692;2018112516;    3;   6.0;  85.0;eor
       4692;2018112517;    3;   5.4;  91.0;eor
       4692;2018112518;    3;   5.1;  93.0;eor
       4692;2018112519;    3;   5.0;  93.0;eor
       4692;2018112520;    3;   5.1;  94.0;eor
       4692;2018112521;    3;   5.7;  90.0;eor
       4692;2018112522;    3;   5.2;  92.0;eor
       4692;2018112523;    3;   5.9;  87.0;eor
       4692;2018112600;    3;   5.1;  94.0;eor
       4692;2018112601;    3;   5.0;  94.0;eor
       4692;2018112602;    3;   6.2;  82.0;eor
       4692;2018112603;    3;   5.9;  80.0;eor
       4692;2018112604;    3;   5.4;  85.0;eor
       4692;2018112605;    3;   4.8;  90.0;eor
       4692;2018112606;    3;   5.6;  84.0;eor
       4692;2018112607;    3;   6.0;  82.0;eor
       4692;2018112608;    3;   6.1;  81.0;eor
       4692;2018112609;    3;   6.1;  80.0;eor
       4692;2018112610;    3;   6.2;  78.0;eor
       4692;2018112611;    3;   6.3;  75.0;eor
       4692;2018112612;    3;   6.2;  75.0;eor
       4692;2018112613;    3;   6.4;  73.0;eor
       4692;2018112614;    3;   6.4;  73.0;eor
       4692;2018112615;    3;   6.3;  73.0;eor
       4692;2018112616;    3;   6.0;  75.0;eor
       4692;2018112617;    3;   5.7;  76.0;eor
       4692;2018112618;    3;   5.3;  77.0;eor
       4692;2018112619;    3;   4.9;  78.0;eor
       4692;2018112620;    3;   4.6;  79.0;eor
       4692;2018112621;    3;   4.3;  80.0;eor
       4692;2018112622;    3;   4.2;  78.0;eor
       4692;2018112623;    3;   3.8;  80.0;eor
       4692;2018112700;    3;   3.6;  81.0;eor
       4692;2018112701;    3;   3.5;  81.0;eor
       4692;2018112702;    3;   3.3;  83.0;eor
       4692;2018112703;    3;   3.4;  75.0;eor
       4692;2018112704;    3;   3.1;  80.0;eor
       4692;2018112705;    3;   3.2;  77.0;eor
       4692;2018112706;    3;   3.2;  75.0;eor
       4692;2018112707;    3;   3.3;  74.0;eor
       4692;2018112708;    3;   3.3;  73.0;eor
       4692;2018112709;    3;   3.6;  72.0;eor
       4692;2018112710;    3;   3.7;  72.0;eor
       4692;2018112711;    3;   4.8;  66.0;eor
       4692;2018112712;    3;   4.4;  67.0;eor
       4692;2018112713;    3;   3.8;  68.0;eor
       4692;2018112714;    3;   3.4;  70.0;eor
       4692;2018112715;    3;   3.3;  72.0;eor
       4692;2018112716;    3;   3.0;  71.0;eor
       4692;2018112717;    3;   2.6;  70.0;eor
       4692;2018112718;    3;   2.2;  71.0;eor
       4692;2018112719;    3;   2.2;  72.0;eor
       4692;2018112720;    3;   0.5;  80.0;eor
       4692;2018112721;    3;   0.0;  85.0;eor
       4692;2018112722;    3;  -0.5;  87.0;eor
       4692;2018112723;    3;   0.6;  83.0;eor
       4692;2018112800;    3;   0.9;  84.0;eor
       4692;2018112801;    3;   0.6;  85.0;eor
       4692;2018112802;    3;   0.0;  89.0;eor
       4692;2018112803;    3;  -0.3;  91.0;eor
       4692;2018112804;    3;  -0.7;  91.0;eor
       4692;2018112805;    3;  -1.1;  93.0;eor
       4692;2018112806;    3;  -0.7;  93.0;eor
       4692;2018112807;    3;   0.2;  91.0;eor
       4692;2018112808;    3;   1.6;  86.0;eor
       4692;2018112809;    3;   2.3;  82.0;eor
       4692;2018112810;    3;   2.9;  78.0;eor
       4692;2018112811;    3;   3.3;  78.0;eor
       4692;2018112812;    3;   4.3;  74.0;eor
       4692;2018112813;    3;   4.7;  73.0;eor
       4692;2018112814;    3;   4.8;  74.0;eor
       4692;2018112815;    3;   5.0;  74.0;eor
       4692;2018112816;    3;   4.3;  77.0;eor
       4692;2018112817;    3;   4.1;  81.0;eor
       4692;2018112818;    3;   4.2;  81.0;eor
       4692;2018112819;    3;   4.1;  86.0;eor
       4692;2018112820;    3;   3.9;  93.0;eor
       4692;2018112821;    3;   4.3;  91.0;eor
       4692;2018112822;    3;   4.6;  90.0;eor
       4692;2018112823;    3;   4.8;  89.0;eor
       4692;2018112900;    3;   4.7;  88.0;eor
       4692;2018112901;    3;   4.6;  89.0;eor
       4692;2018112902;    3;   4.3;  90.0;eor
       4692;2018112903;    3;   4.2;  90.0;eor
       4692;2018112904;    3;   4.1;  90.0;eor
       4692;2018112905;    3;   3.9;  91.0;eor
       4692;2018112906;    3;   3.9;  91.0;eor
       4692;2018112907;    3;   4.1;  90.0;eor
       4692;2018112908;    3;   3.9;  89.0;eor
       4692;2018112909;    3;   4.2;  88.0;eor
       4692;2018112910;    3;   4.6;  85.0;eor
       4692;2018112911;    3;   4.8;  85.0;eor
       4692;2018112912;    3;   5.5;  82.0;eor
       4692;2018112913;    3;   5.4;  84.0;eor
       4692;2018112914;    3;   4.9;  87.0;eor
       4692;2018112915;    3;   4.5;  86.0;eor
       4692;2018112916;    3;   4.8;  86.0;eor
       4692;2018112917;    3;   4.8;  84.0;eor
       4692;2018112918;    3;   4.3;  85.0;eor
       4692;2018112919;    3;   4.3;  84.0;eor
       4692;2018112920;    3;   4.3;  87.0;eor
       4692;2018112921;    3;   4.1;  88.0;eor
       4692;2018112922;    3;   4.9;  86.0;eor
       4692;2018112923;    3;   5.3;  79.0;eor
       4692;2018113000;    3;   5.3;  81.0;eor
       4692;2018113001;    3;   5.2;  85.0;eor
       4692;2018113002;    3;   5.5;  87.0;eor
       4692;2018113003;    3;   6.0;  81.0;eor
       4692;2018113004;    3;   5.2;  87.0;eor
       4692;2018113005;    3;   4.7;  94.0;eor
       4692;2018113006;    3;   4.3;  93.0;eor
       4692;2018113007;    3;   4.8;  95.0;eor
       4692;2018113008;    3;   4.8;  94.0;eor
       4692;2018113009;    3;   5.1;  93.0;eor
       4692;2018113010;    3;   6.4;  92.0;eor
       4692;2018113011;    3;   7.2;  92.0;eor
       4692;2018113012;    3;   7.8;  91.0;eor
       4692;2018113013;    3;   9.1;  84.0;eor
       4692;2018113014;    3;   8.7;  86.0;eor
       4692;2018113015;    3;   8.5;  85.0;eor
       4692;2018113016;    3;   7.6;  92.0;eor
       4692;2018113017;    3;   7.0;  93.0;eor
       4692;2018113018;    3;   6.3;  94.0;eor
       4692;2018113019;    3;   5.4;  96.0;eor
       4692;2018113020;    3;   5.3;  96.0;eor
       4692;2018113021;    3;   5.3;  97.0;eor
       4692;2018113022;    3;   5.3;  97.0;eor
       4692;2018113023;    3;   5.4;  97.0;eor
