STATIONS_ID;MESS_DATUM;QN_9;TT_TU;RF_TU;eor
       5688;2018110100;    3;   7.2;  65.0;eor
       5688;2018110101;    3;   9.5;  51.0;eor
       5688;2018110102;    3;   9.4;  52.0;eor
       5688;2018110103;    3;   8.0;  60.0;eor
       5688;2018110104;    3;   9.8;  52.0;eor
       5688;2018110105;    3;   7.8;  65.0;eor
       5688;2018110106;    3;   7.3;  67.0;eor
       5688;2018110107;    3;   7.0;  70.0;eor
       5688;2018110108;    3;   5.7;  81.0;eor
       5688;2018110109;    3;   6.3;  76.0;eor
       5688;2018110110;    3;   7.5;  76.0;eor
       5688;2018110111;    3;   9.0;  72.0;eor
       5688;2018110112;    3;  10.4;  70.0;eor
       5688;2018110113;    3;  10.4;  67.0;eor
       5688;2018110114;    3;  10.0;  65.0;eor
       5688;2018110115;    3;   9.3;  72.0;eor
       5688;2018110116;    3;   8.7;  76.0;eor
       5688;2018110117;    3;   7.7;  85.0;eor
       5688;2018110118;    3;   6.7;  89.0;eor
       5688;2018110119;    3;   6.1;  89.0;eor
       5688;2018110120;    3;   6.2;  89.0;eor
       5688;2018110121;    3;   6.3;  88.0;eor
       5688;2018110122;    3;   6.0;  89.0;eor
       5688;2018110123;    3;   5.1;  89.0;eor
       5688;2018110200;    3;   4.4;  90.0;eor
       5688;2018110201;    3;   4.0;  91.0;eor
       5688;2018110202;    3;   4.5;  90.0;eor
       5688;2018110203;    3;   4.5;  92.0;eor
       5688;2018110204;    3;   4.4;  93.0;eor
       5688;2018110205;    3;   4.4;  95.0;eor
       5688;2018110206;    3;   4.7;  94.0;eor
       5688;2018110207;    3;   5.4;  90.0;eor
       5688;2018110208;    3;   6.7;  85.0;eor
       5688;2018110209;    3;   7.2;  85.0;eor
       5688;2018110210;    3;   7.9;  85.0;eor
       5688;2018110211;    3;   8.1;  81.0;eor
       5688;2018110212;    3;   8.1;  80.0;eor
       5688;2018110213;    3;   8.4;  83.0;eor
       5688;2018110214;    3;   8.6;  84.0;eor
       5688;2018110215;    3;   8.6;  80.0;eor
       5688;2018110216;    3;   7.9;  76.0;eor
       5688;2018110217;    3;   7.6;  85.0;eor
       5688;2018110218;    3;   7.3;  85.0;eor
       5688;2018110219;    3;   7.0;  84.0;eor
       5688;2018110220;    3;   6.9;  81.0;eor
       5688;2018110221;    3;   6.6;  82.0;eor
       5688;2018110222;    3;   6.5;  86.0;eor
       5688;2018110223;    3;   6.5;  87.0;eor
       5688;2018110300;    3;   6.5;  85.0;eor
       5688;2018110301;    3;   6.3;  86.0;eor
       5688;2018110302;    3;   6.3;  85.0;eor
       5688;2018110303;    3;   6.2;  86.0;eor
       5688;2018110304;    3;   6.0;  87.0;eor
       5688;2018110305;    3;   6.0;  87.0;eor
       5688;2018110306;    3;   5.9;  87.0;eor
       5688;2018110307;    3;   6.1;  83.0;eor
       5688;2018110308;    3;   6.0;  83.0;eor
       5688;2018110309;    3;   6.6;  80.0;eor
       5688;2018110310;    3;   8.7;  71.0;eor
       5688;2018110311;    3;   8.9;  71.0;eor
       5688;2018110312;    3;   9.5;  69.0;eor
       5688;2018110313;    3;   9.4;  72.0;eor
       5688;2018110314;    3;   9.2;  74.0;eor
       5688;2018110315;    3;   8.8;  78.0;eor
       5688;2018110316;    3;   8.2;  83.0;eor
       5688;2018110317;    3;   7.5;  86.0;eor
       5688;2018110318;    3;   7.0;  89.0;eor
       5688;2018110319;    3;   6.4;  90.0;eor
       5688;2018110320;    3;   6.3;  90.0;eor
       5688;2018110321;    3;   6.5;  88.0;eor
       5688;2018110322;    3;   6.7;  88.0;eor
       5688;2018110323;    3;   6.7;  89.0;eor
       5688;2018110400;    3;   6.5;  90.0;eor
       5688;2018110401;    3;   6.3;  91.0;eor
       5688;2018110402;    3;   6.0;  93.0;eor
       5688;2018110403;    3;   5.9;  94.0;eor
       5688;2018110404;    3;   5.6;  96.0;eor
       5688;2018110405;    3;   5.3;  97.0;eor
       5688;2018110406;    3;   5.2;  98.0;eor
       5688;2018110407;    3;   4.9;  99.0;eor
       5688;2018110408;    3;   4.8;  98.0;eor
       5688;2018110409;    3;   6.3;  91.0;eor
       5688;2018110410;    3;   7.9;  85.0;eor
       5688;2018110411;    3;   8.5;  84.0;eor
       5688;2018110412;    3;  10.2;  80.0;eor
       5688;2018110413;    3;   9.6;  84.0;eor
       5688;2018110414;    3;   8.6;  88.0;eor
       5688;2018110415;    3;   8.6;  89.0;eor
       5688;2018110416;    3;   6.9;  95.0;eor
       5688;2018110417;    3;   6.2;  97.0;eor
       5688;2018110418;    3;   6.3;  97.0;eor
       5688;2018110419;    3;   5.6;  96.0;eor
       5688;2018110420;    3;   6.6;  91.0;eor
       5688;2018110421;    3;   8.1;  80.0;eor
       5688;2018110422;    3;   7.2;  82.0;eor
       5688;2018110423;    3;  10.4;  65.0;eor
       5688;2018110500;    3;   8.1;  77.0;eor
       5688;2018110501;    3;   6.1;  87.0;eor
       5688;2018110502;    3;   6.1;  87.0;eor
       5688;2018110503;    3;   6.8;  84.0;eor
       5688;2018110504;    3;   4.3;  93.0;eor
       5688;2018110505;    3;   3.9;  94.0;eor
       5688;2018110506;    3;   7.4;  80.0;eor
       5688;2018110507;    3;   5.6;  88.0;eor
       5688;2018110508;    3;  10.1;  74.0;eor
       5688;2018110509;    3;  10.9;  77.0;eor
       5688;2018110510;    3;  13.7;  56.0;eor
       5688;2018110511;    3;  14.6;  60.0;eor
       5688;2018110512;    3;  14.5;  65.0;eor
       5688;2018110513;    3;  15.5;  59.0;eor
       5688;2018110514;    3;  14.9;  60.0;eor
       5688;2018110515;    3;  14.9;  49.0;eor
       5688;2018110516;    3;  11.9;  62.0;eor
       5688;2018110517;    3;  10.4;  67.0;eor
       5688;2018110518;    3;  11.0;  68.0;eor
       5688;2018110519;    3;  11.0;  60.0;eor
       5688;2018110520;    3;  11.9;  55.0;eor
       5688;2018110521;    3;  11.2;  57.0;eor
       5688;2018110522;    3;  11.5;  58.0;eor
       5688;2018110523;    3;  11.9;  55.0;eor
       5688;2018110600;    3;  12.1;  52.0;eor
       5688;2018110601;    3;  12.7;  49.0;eor
       5688;2018110602;    3;  12.2;  50.0;eor
       5688;2018110603;    3;  12.8;  47.0;eor
       5688;2018110604;    3;  12.3;  49.0;eor
       5688;2018110605;    3;  12.4;  50.0;eor
       5688;2018110606;    3;  12.4;  49.0;eor
       5688;2018110607;    3;  13.0;  47.0;eor
       5688;2018110608;    3;  13.7;  45.0;eor
       5688;2018110609;    3;  13.8;  47.0;eor
       5688;2018110610;    3;  14.3;  47.0;eor
       5688;2018110611;    3;  14.7;  45.0;eor
       5688;2018110612;    3;  14.9;  46.0;eor
       5688;2018110613;    3;  14.7;  49.0;eor
       5688;2018110614;    3;  12.7;  64.0;eor
       5688;2018110615;    3;  10.2;  77.0;eor
       5688;2018110616;    3;   9.3;  79.0;eor
       5688;2018110617;    3;   8.5;  80.0;eor
       5688;2018110618;    3;   8.0;  79.0;eor
       5688;2018110619;    3;   8.3;  75.0;eor
       5688;2018110620;    3;   8.4;  72.0;eor
       5688;2018110621;    3;   6.9;  78.0;eor
       5688;2018110622;    3;   6.8;  77.0;eor
       5688;2018110623;    3;   6.3;  78.0;eor
       5688;2018110700;    3;   6.9;  75.0;eor
       5688;2018110701;    3;   7.1;  75.0;eor
       5688;2018110702;    3;   7.3;  74.0;eor
       5688;2018110703;    3;   7.3;  74.0;eor
       5688;2018110704;    3;   7.4;  77.0;eor
       5688;2018110705;    3;   6.9;  82.0;eor
       5688;2018110706;    3;   7.2;  78.0;eor
       5688;2018110707;    3;   8.3;  75.0;eor
       5688;2018110708;    3;   9.6;  73.0;eor
       5688;2018110709;    3;  11.2;  67.0;eor
       5688;2018110710;    3;  10.1;  72.0;eor
       5688;2018110711;    3;  11.8;  68.0;eor
       5688;2018110712;    3;  12.1;  70.0;eor
       5688;2018110713;    3;  11.4;  72.0;eor
       5688;2018110714;    3;  10.9;  76.0;eor
       5688;2018110715;    3;   9.6;  83.0;eor
       5688;2018110716;    3;   8.4;  83.0;eor
       5688;2018110717;    3;   9.8;  69.0;eor
       5688;2018110718;    3;   9.0;  69.0;eor
       5688;2018110719;    3;   8.9;  71.0;eor
       5688;2018110720;    3;   8.3;  77.0;eor
       5688;2018110721;    3;   7.8;  84.0;eor
       5688;2018110722;    3;   7.4;  92.0;eor
       5688;2018110723;    3;   7.1;  94.0;eor
       5688;2018110800;    3;   6.9;  97.0;eor
       5688;2018110801;    3;   7.3;  93.0;eor
       5688;2018110802;    3;   6.7;  94.0;eor
       5688;2018110803;    3;   6.2;  92.0;eor
       5688;2018110804;    3;   6.1;  91.0;eor
       5688;2018110805;    3;   6.0;  91.0;eor
       5688;2018110806;    3;   6.1;  90.0;eor
       5688;2018110807;    3;   6.2;  90.0;eor
       5688;2018110808;    3;   6.5;  88.0;eor
       5688;2018110809;    3;   8.7;  80.0;eor
       5688;2018110810;    3;   9.7;  75.0;eor
       5688;2018110811;    3;   9.2;  75.0;eor
       5688;2018110812;    3;   8.9;  75.0;eor
       5688;2018110813;    3;   8.9;  79.0;eor
       5688;2018110814;    3;   9.0;  77.0;eor
       5688;2018110815;    3;   8.5;  80.0;eor
       5688;2018110816;    3;   8.1;  84.0;eor
       5688;2018110817;    3;   7.3;  89.0;eor
       5688;2018110818;    3;   7.0;  92.0;eor
       5688;2018110819;    3;   6.5;  93.0;eor
       5688;2018110820;    3;   7.0;  94.0;eor
       5688;2018110821;    3;   7.3;  94.0;eor
       5688;2018110822;    3;   6.8;  94.0;eor
       5688;2018110823;    3;   6.2;  95.0;eor
       5688;2018110900;    3;   5.6;  94.0;eor
       5688;2018110901;    3;   5.4;  95.0;eor
       5688;2018110902;    3;   5.1;  94.0;eor
       5688;2018110903;    3;   5.5;  95.0;eor
       5688;2018110904;    3;   6.2;  95.0;eor
       5688;2018110905;    3;   5.6;  97.0;eor
       5688;2018110906;    3;   5.0;  98.0;eor
       5688;2018110907;    3;   4.6;  99.0;eor
       5688;2018110908;    3;   5.6;  99.0;eor
       5688;2018110909;    3;   6.5;  93.0;eor
       5688;2018110910;    3;   9.2;  79.0;eor
       5688;2018110911;    3;  10.4;  74.0;eor
       5688;2018110912;    3;  12.7;  62.0;eor
       5688;2018110913;    3;  12.7;  60.0;eor
       5688;2018110914;    3;  12.5;  61.0;eor
       5688;2018110915;    3;  12.0;  63.0;eor
       5688;2018110916;    3;   9.9;  67.0;eor
       5688;2018110917;    3;   8.7;  73.0;eor
       5688;2018110918;    3;   8.6;  73.0;eor
       5688;2018110919;    3;   7.8;  79.0;eor
       5688;2018110920;    3;   7.6;  81.0;eor
       5688;2018110921;    3;   7.2;  86.0;eor
       5688;2018110922;    3;   6.6;  89.0;eor
       5688;2018110923;    3;   5.2;  96.0;eor
       5688;2018111000;    3;   5.6;  92.0;eor
       5688;2018111001;    3;   5.7;  91.0;eor
       5688;2018111002;    3;   5.3;  93.0;eor
       5688;2018111003;    3;   4.4;  98.0;eor
       5688;2018111004;    3;   3.3;  98.0;eor
       5688;2018111005;    3;   3.8;  99.0;eor
       5688;2018111006;    3;   4.3;  97.0;eor
       5688;2018111007;    3;   5.0;  97.0;eor
       5688;2018111008;    3;   8.3;  85.0;eor
       5688;2018111009;    3;   9.1;  77.0;eor
       5688;2018111010;    3;   9.3;  82.0;eor
       5688;2018111011;    3;  11.1;  74.0;eor
       5688;2018111012;    3;  10.3;  76.0;eor
       5688;2018111013;    3;  10.3;  74.0;eor
       5688;2018111014;    3;  10.5;  74.0;eor
       5688;2018111015;    3;   9.6;  83.0;eor
       5688;2018111016;    3;   8.9;  87.0;eor
       5688;2018111017;    3;   7.7;  91.0;eor
       5688;2018111018;    3;   9.2;  80.0;eor
       5688;2018111019;    3;   7.7;  92.0;eor
       5688;2018111020;    3;   7.0;  96.0;eor
       5688;2018111021;    3;   8.4;  89.0;eor
       5688;2018111022;    3;   8.4;  90.0;eor
       5688;2018111023;    3;   8.7;  93.0;eor
       5688;2018111100;    3;   8.5;  95.0;eor
       5688;2018111101;    3;   8.4;  96.0;eor
       5688;2018111102;    3;   7.4;  99.0;eor
       5688;2018111103;    3;   6.7;  98.0;eor
       5688;2018111104;    3;   6.6;  99.0;eor
       5688;2018111105;    3;   6.6;  99.0;eor
       5688;2018111106;    3;   6.8;  99.0;eor
       5688;2018111107;    3;   7.5;  98.0;eor
       5688;2018111108;    3;   7.9;  95.0;eor
       5688;2018111109;    3;   8.3;  94.0;eor
       5688;2018111110;    3;   7.7;  98.0;eor
       5688;2018111111;    3;   7.8;  98.0;eor
       5688;2018111112;    3;   8.3;  97.0;eor
       5688;2018111113;    3;   9.7;  94.0;eor
       5688;2018111114;    3;  10.8;  87.0;eor
       5688;2018111115;    3;   8.8;  96.0;eor
       5688;2018111116;    3;   8.8;  99.0;eor
       5688;2018111117;    3;   8.7;  99.0;eor
       5688;2018111118;    3;   6.9;  98.0;eor
       5688;2018111119;    3;   8.3;  97.0;eor
       5688;2018111120;    3;   8.4;  99.0;eor
       5688;2018111121;    3;   7.9;  97.0;eor
       5688;2018111122;    3;   7.9;  99.0;eor
       5688;2018111123;    3;   8.2;  95.0;eor
       5688;2018111200;    3;   9.1;  87.0;eor
       5688;2018111201;    3;   8.6;  88.0;eor
       5688;2018111202;    3;   8.7;  88.0;eor
       5688;2018111203;    3;   8.5;  86.0;eor
       5688;2018111204;    3;   8.8;  81.0;eor
       5688;2018111205;    3;   9.0;  79.0;eor
       5688;2018111206;    3;   8.7;  80.0;eor
       5688;2018111207;    3;   9.6;  73.0;eor
       5688;2018111208;    3;  10.8;  65.0;eor
       5688;2018111209;    3;  11.1;  67.0;eor
       5688;2018111210;    3;  11.8;  77.0;eor
       5688;2018111211;    3;  13.3;  66.0;eor
       5688;2018111212;    3;  12.3;  86.0;eor
       5688;2018111213;    3;  14.6;  61.0;eor
       5688;2018111214;    3;  14.0;  76.0;eor
       5688;2018111215;    3;  13.6;  68.0;eor
       5688;2018111216;    3;  11.9;  78.0;eor
       5688;2018111217;    3;  12.1;  69.0;eor
       5688;2018111218;    3;  10.9;  75.0;eor
       5688;2018111219;    3;  10.7;  74.0;eor
       5688;2018111220;    3;  10.5;  77.0;eor
       5688;2018111221;    3;  11.1;  77.0;eor
       5688;2018111222;    3;  10.9;  79.0;eor
       5688;2018111223;    3;  11.8;  75.0;eor
       5688;2018111300;    3;  12.4;  71.0;eor
       5688;2018111301;    3;  11.4;  74.0;eor
       5688;2018111302;    3;  10.4;  81.0;eor
       5688;2018111303;    3;  11.2;  79.0;eor
       5688;2018111304;    3;  11.0;  78.0;eor
       5688;2018111305;    3;  10.2;  84.0;eor
       5688;2018111306;    3;   9.8;  88.0;eor
       5688;2018111307;    3;   8.5;  95.0;eor
       5688;2018111308;    3;   7.6;  91.0;eor
       5688;2018111309;    3;   7.5;  91.0;eor
       5688;2018111310;    3;   7.7;  90.0;eor
       5688;2018111311;    3;   7.7;  94.0;eor
       5688;2018111312;    3;   7.6;  93.0;eor
       5688;2018111313;    3;   7.6;  94.0;eor
       5688;2018111314;    3;   7.3;  96.0;eor
       5688;2018111315;    3;   7.6;  88.0;eor
       5688;2018111316;    3;   5.9;  92.0;eor
       5688;2018111317;    3;   4.7;  97.0;eor
       5688;2018111318;    3;   4.4;  98.0;eor
       5688;2018111319;    3;   5.2;  91.0;eor
       5688;2018111320;    3;   4.6;  94.0;eor
       5688;2018111321;    3;   4.0;  93.0;eor
       5688;2018111322;    3;   3.0;  91.0;eor
       5688;2018111323;    3;   5.5;  92.0;eor
       5688;2018111400;    3;   5.2;  93.0;eor
       5688;2018111401;    3;   4.0;  91.0;eor
       5688;2018111402;    3;   4.9;  85.0;eor
       5688;2018111403;    3;   5.4;  83.0;eor
       5688;2018111404;    3;   5.2;  81.0;eor
       5688;2018111405;    3;   4.8;  84.0;eor
       5688;2018111406;    3;   4.6;  88.0;eor
       5688;2018111407;    3;   4.9;  87.0;eor
       5688;2018111408;    3;   5.6;  87.0;eor
       5688;2018111409;    3;   7.7;  75.0;eor
       5688;2018111410;    3;   7.7;  80.0;eor
       5688;2018111411;    3;   8.7;  78.0;eor
       5688;2018111412;    3;   6.7;  92.0;eor
       5688;2018111413;    3;   6.5;  95.0;eor
       5688;2018111414;    3;   6.2;  97.0;eor
       5688;2018111415;    3;   5.4;  99.0;eor
       5688;2018111416;    3;   4.8;  99.0;eor
       5688;2018111417;    3;   4.3;  98.0;eor
       5688;2018111418;    3;   5.1;  93.0;eor
       5688;2018111419;    3;   3.2;  98.0;eor
       5688;2018111420;    3;   1.4; 100.0;eor
       5688;2018111421;    3;   1.3; 100.0;eor
       5688;2018111422;    3;   1.9;  99.0;eor
       5688;2018111423;    3;   1.5;  99.0;eor
       5688;2018111500;    3;   1.0; 100.0;eor
       5688;2018111501;    3;   0.6; 100.0;eor
       5688;2018111502;    3;   0.1; 100.0;eor
       5688;2018111503;    3;  -0.5; 100.0;eor
       5688;2018111504;    3;  -0.2;  99.0;eor
       5688;2018111505;    3;   1.2; 100.0;eor
       5688;2018111506;    3;   2.2; 100.0;eor
       5688;2018111507;    3;   2.7; 100.0;eor
       5688;2018111508;    3;   2.7; 100.0;eor
       5688;2018111509;    3;   3.1;  99.0;eor
       5688;2018111510;    3;   3.5;  99.0;eor
       5688;2018111511;    3;   3.5;  98.0;eor
       5688;2018111512;    3;   4.0; 100.0;eor
       5688;2018111513;    3;   4.0;  99.0;eor
       5688;2018111514;    3;   4.2; 100.0;eor
       5688;2018111515;    3;   3.4; 100.0;eor
       5688;2018111516;    3;   3.0;  99.0;eor
       5688;2018111517;    3;   2.8;  99.0;eor
       5688;2018111518;    3;   2.5;  99.0;eor
       5688;2018111519;    3;   1.9;  99.0;eor
       5688;2018111520;    3;   1.6; 100.0;eor
       5688;2018111521;    3;   1.1;  99.0;eor
       5688;2018111522;    3;   0.8;  98.0;eor
       5688;2018111523;    3;   1.0; 100.0;eor
       5688;2018111600;    3;   1.5; 100.0;eor
       5688;2018111601;    3;   0.7;  99.0;eor
       5688;2018111602;    3;   0.8; 100.0;eor
       5688;2018111603;    3;   0.9; 100.0;eor
       5688;2018111604;    3;   0.6; 100.0;eor
       5688;2018111605;    3;   0.5; 100.0;eor
       5688;2018111606;    3;   0.6;  99.0;eor
       5688;2018111607;    3;   0.2;  99.0;eor
       5688;2018111608;    3;   0.1;  99.0;eor
       5688;2018111609;    3;   0.4;  99.0;eor
       5688;2018111610;    3;   1.1;  99.0;eor
       5688;2018111611;    3;   2.0;  96.0;eor
       5688;2018111612;    3;   2.4;  95.0;eor
       5688;2018111613;    3;   3.2;  92.0;eor
       5688;2018111614;    3;   2.8;  89.0;eor
       5688;2018111615;    3;   2.9;  89.0;eor
       5688;2018111616;    3;   0.8;  97.0;eor
       5688;2018111617;    3;   0.0;  96.0;eor
       5688;2018111618;    3;  -0.2;  92.0;eor
       5688;2018111619;    3;  -0.3;  89.0;eor
       5688;2018111620;    3;  -0.4;  89.0;eor
       5688;2018111621;    3;  -0.7;  89.0;eor
       5688;2018111622;    3;  -0.6;  89.0;eor
       5688;2018111623;    3;  -0.5;  92.0;eor
       5688;2018111700;    3;  -0.6;  92.0;eor
       5688;2018111701;    3;  -1.2;  93.0;eor
       5688;2018111702;    3;  -1.2;  93.0;eor
       5688;2018111703;    3;  -0.7;  92.0;eor
       5688;2018111704;    3;  -1.1;  92.0;eor
       5688;2018111705;    3;  -1.3;  91.0;eor
       5688;2018111706;    3;  -1.6;  90.0;eor
       5688;2018111707;    3;  -1.5;  91.0;eor
       5688;2018111708;    3;  -1.4;  88.0;eor
       5688;2018111709;    3;  -1.2;  89.0;eor
       5688;2018111710;    3;  -1.0;  89.0;eor
       5688;2018111711;    3;  -0.4;  89.0;eor
       5688;2018111712;    3;   1.1;  84.0;eor
       5688;2018111713;    3;   2.7;  74.0;eor
       5688;2018111714;    3;   3.6;  68.0;eor
       5688;2018111715;    3;   3.3;  67.0;eor
       5688;2018111716;    3;   2.3;  72.0;eor
       5688;2018111717;    3;   2.0;  75.0;eor
       5688;2018111718;    3;   1.9;  73.0;eor
       5688;2018111719;    3;   1.3;  73.0;eor
       5688;2018111720;    3;   1.0;  71.0;eor
       5688;2018111721;    3;   0.2;  73.0;eor
       5688;2018111722;    3;  -0.5;  74.0;eor
       5688;2018111723;    3;  -0.8;  77.0;eor
       5688;2018111800;    3;  -1.3;  79.0;eor
       5688;2018111801;    3;  -1.9;  82.0;eor
       5688;2018111802;    3;  -2.2;  83.0;eor
       5688;2018111803;    3;  -2.0;  84.0;eor
       5688;2018111804;    3;  -2.1;  84.0;eor
       5688;2018111805;    3;  -2.6;  87.0;eor
       5688;2018111806;    3;  -2.6;  86.0;eor
       5688;2018111807;    3;  -2.6;  85.0;eor
       5688;2018111808;    3;  -2.8;  86.0;eor
       5688;2018111809;    3;  -2.7;  86.0;eor
       5688;2018111810;    3;  -2.2;  84.0;eor
       5688;2018111811;    3;  -1.6;  82.0;eor
       5688;2018111812;    3;   1.9;  70.0;eor
       5688;2018111813;    3;   1.3;  75.0;eor
       5688;2018111814;    3;   1.0;  77.0;eor
       5688;2018111815;    3;   0.2;  80.0;eor
       5688;2018111816;    3;  -1.8;  85.0;eor
       5688;2018111817;    3;  -2.7;  87.0;eor
       5688;2018111818;    3;  -3.1;  89.0;eor
       5688;2018111819;    3;  -0.8;  82.0;eor
       5688;2018111820;    3;  -0.3;  80.0;eor
       5688;2018111821;    3;  -0.5;  79.0;eor
       5688;2018111822;    3;  -0.5;  77.0;eor
       5688;2018111823;    3;  -0.6;  78.0;eor
       5688;2018111900;    3;  -0.7;  79.0;eor
       5688;2018111901;    3;  -1.2;  81.0;eor
       5688;2018111902;    3;  -1.2;  83.0;eor
       5688;2018111903;    3;  -1.1;  84.0;eor
       5688;2018111904;    3;  -1.5;  86.0;eor
       5688;2018111905;    3;  -1.6;  87.0;eor
       5688;2018111906;    3;  -1.6;  87.0;eor
       5688;2018111907;    3;  -1.9;  86.0;eor
       5688;2018111908;    3;  -2.3;  86.0;eor
       5688;2018111909;    3;  -1.7;  82.0;eor
       5688;2018111910;    3;  -1.6;  79.0;eor
       5688;2018111911;    3;  -2.0;  76.0;eor
       5688;2018111912;    3;  -2.3;  77.0;eor
       5688;2018111913;    3;  -2.7;  82.0;eor
       5688;2018111914;    3;  -2.8;  86.0;eor
       5688;2018111915;    3;  -3.2;  89.0;eor
       5688;2018111916;    3;  -3.3;  90.0;eor
       5688;2018111917;    3;  -3.3;  91.0;eor
       5688;2018111918;    3;  -3.3;  91.0;eor
       5688;2018111919;    3;  -3.2;  90.0;eor
       5688;2018111920;    3;  -3.3;  90.0;eor
       5688;2018111921;    3;  -3.3;  90.0;eor
       5688;2018111922;    3;  -3.4;  90.0;eor
       5688;2018111923;    3;  -3.3;  90.0;eor
       5688;2018112000;    3;  -3.2;  89.0;eor
       5688;2018112001;    3;  -3.2;  88.0;eor
       5688;2018112002;    3;  -3.1;  89.0;eor
       5688;2018112003;    3;  -3.2;  89.0;eor
       5688;2018112004;    3;  -3.8;  91.0;eor
       5688;2018112005;    3;  -3.4;  90.0;eor
       5688;2018112006;    3;  -3.3;  89.0;eor
       5688;2018112007;    3;  -3.5;  89.0;eor
       5688;2018112008;    3;  -3.4;  89.0;eor
       5688;2018112009;    3;  -3.3;  89.0;eor
       5688;2018112010;    3;  -2.5;  86.0;eor
       5688;2018112011;    3;  -2.2;  84.0;eor
       5688;2018112012;    3;  -1.7;  84.0;eor
       5688;2018112013;    3;  -0.8;  80.0;eor
       5688;2018112014;    3;  -1.2;  82.0;eor
       5688;2018112015;    3;  -2.2;  86.0;eor
       5688;2018112016;    3;  -3.0;  91.0;eor
       5688;2018112017;    3;  -3.3;  91.0;eor
       5688;2018112018;    3;  -3.6;  92.0;eor
       5688;2018112019;    3;  -3.4;  93.0;eor
       5688;2018112020;    3;  -2.8;  89.0;eor
       5688;2018112021;    3;  -2.0;  89.0;eor
       5688;2018112022;    3;  -1.4;  87.0;eor
       5688;2018112023;    3;  -0.8;  83.0;eor
       5688;2018112100;    3;   0.6;  74.0;eor
       5688;2018112101;    3;   1.6;  67.0;eor
       5688;2018112102;    3;   0.0;  75.0;eor
       5688;2018112103;    3;  -2.0;  81.0;eor
       5688;2018112104;    3;  -0.1;  75.0;eor
       5688;2018112105;    3;  -0.7;  77.0;eor
       5688;2018112106;    3;  -2.9;  85.0;eor
       5688;2018112107;    3;  -3.8;  91.0;eor
       5688;2018112108;    3;  -3.2;  87.0;eor
       5688;2018112109;    3;  -0.1;  79.0;eor
       5688;2018112110;    3;  -2.8;  95.0;eor
       5688;2018112111;    3;  -1.8;  96.0;eor
       5688;2018112112;    3;  -2.4;  98.0;eor
       5688;2018112113;    3;  -1.8;  95.0;eor
       5688;2018112114;    3;  -1.9;  98.0;eor
       5688;2018112115;    3;  -2.0;  97.0;eor
       5688;2018112116;    3;  -2.3;  98.0;eor
       5688;2018112117;    3;  -2.3;  97.0;eor
       5688;2018112118;    3;  -2.3;  99.0;eor
       5688;2018112119;    3;  -2.1;  98.0;eor
       5688;2018112120;    3;  -2.1;  98.0;eor
       5688;2018112121;    3;  -1.6;  96.0;eor
       5688;2018112122;    3;  -1.4;  97.0;eor
       5688;2018112123;    3;  -1.1;  97.0;eor
       5688;2018112200;    3;  -0.8;  96.0;eor
       5688;2018112201;    3;   0.6;  91.0;eor
       5688;2018112202;    3;   0.6;  94.0;eor
       5688;2018112203;    3;   2.8;  93.0;eor
       5688;2018112204;    3;   0.8;  93.0;eor
       5688;2018112205;    3;  -1.1;  95.0;eor
       5688;2018112206;    3;   0.3;  96.0;eor
       5688;2018112207;    3;   0.7;  93.0;eor
       5688;2018112208;    3;   2.7;  94.0;eor
       5688;2018112209;    3;   5.9;  82.0;eor
       5688;2018112210;    3;   6.3;  73.0;eor
       5688;2018112211;    3;   5.8;  74.0;eor
       5688;2018112212;    3;   7.3;  70.0;eor
       5688;2018112213;    3;   7.6;  66.0;eor
       5688;2018112214;    3;   7.2;  68.0;eor
       5688;2018112215;    3;   6.2;  73.0;eor
       5688;2018112216;    3;   4.3;  78.0;eor
       5688;2018112217;    3;   3.9;  83.0;eor
       5688;2018112218;    3;   3.8;  79.0;eor
       5688;2018112219;    3;   4.2;  78.0;eor
       5688;2018112220;    3;   1.5;  87.0;eor
       5688;2018112221;    3;   1.3;  87.0;eor
       5688;2018112222;    3;   1.5;  85.0;eor
       5688;2018112223;    3;   2.9;  80.0;eor
       5688;2018112300;    3;   2.4;  82.0;eor
       5688;2018112301;    3;   2.3;  82.0;eor
       5688;2018112302;    3;   1.8;  84.0;eor
       5688;2018112303;    3;   1.5;  86.0;eor
       5688;2018112304;    3;   2.3;  85.0;eor
       5688;2018112305;    3;   2.8;  83.0;eor
       5688;2018112306;    3;   2.6;  84.0;eor
       5688;2018112307;    3;   1.5;  89.0;eor
       5688;2018112308;    3;   2.7;  86.0;eor
       5688;2018112309;    3;   5.1;  67.0;eor
       5688;2018112310;    3;   6.5;  67.0;eor
       5688;2018112311;    3;   6.6;  72.0;eor
       5688;2018112312;    3;   6.9;  71.0;eor
       5688;2018112313;    3;   7.3;  69.0;eor
       5688;2018112314;    3;   6.8;  61.0;eor
       5688;2018112315;    3;   5.7;  65.0;eor
       5688;2018112316;    3;   5.1;  62.0;eor
       5688;2018112317;    3;   4.2;  68.0;eor
       5688;2018112318;    3;   5.0;  60.0;eor
       5688;2018112319;    3;   3.2;  75.0;eor
       5688;2018112320;    3;   3.4;  82.0;eor
       5688;2018112321;    3;   4.2;  85.0;eor
       5688;2018112322;    3;   4.5;  90.0;eor
       5688;2018112323;    3;   2.4;  98.0;eor
       5688;2018112400;    3;   0.5;  99.0;eor
       5688;2018112401;    3;   0.6; 100.0;eor
       5688;2018112402;    3;   2.9; 100.0;eor
       5688;2018112403;    3;   3.4;  98.0;eor
       5688;2018112404;    3;   2.9;  97.0;eor
       5688;2018112405;    3;   3.8;  93.0;eor
       5688;2018112406;    3;   3.9;  94.0;eor
       5688;2018112407;    3;   3.8;  93.0;eor
       5688;2018112408;    3;   4.2;  90.0;eor
       5688;2018112409;    3;   5.2;  84.0;eor
       5688;2018112410;    3;   5.1;  82.0;eor
       5688;2018112411;    3;   5.2;  79.0;eor
       5688;2018112412;    3;   7.1;  69.0;eor
       5688;2018112413;    3;   7.1;  70.0;eor
       5688;2018112414;    3;   6.8;  67.0;eor
       5688;2018112415;    3;   5.8;  70.0;eor
       5688;2018112416;    3;   4.3;  76.0;eor
       5688;2018112417;    3;   2.9;  85.0;eor
       5688;2018112418;    3;   3.7;  87.0;eor
       5688;2018112419;    3;   3.5;  86.0;eor
       5688;2018112420;    3;   2.0;  91.0;eor
       5688;2018112421;    3;   3.4;  92.0;eor
       5688;2018112422;    3;   3.2;  95.0;eor
       5688;2018112423;    3;   0.8;  94.0;eor
       5688;2018112500;    3;   2.8;  93.0;eor
       5688;2018112501;    3;   1.7;  93.0;eor
       5688;2018112502;    3;   2.8;  91.0;eor
       5688;2018112503;    3;   1.8;  92.0;eor
       5688;2018112504;    3;   2.0;  91.0;eor
       5688;2018112505;    3;   2.5;  89.0;eor
       5688;2018112506;    3;   2.2;  90.0;eor
       5688;2018112507;    3;   2.4;  89.0;eor
       5688;2018112508;    3;   2.6;  87.0;eor
       5688;2018112509;    3;   4.5;  79.0;eor
       5688;2018112510;    3;   6.3;  71.0;eor
       5688;2018112511;    3;   7.4;  62.0;eor
       5688;2018112512;    3;   8.4;  56.0;eor
       5688;2018112513;    3;   9.0;  49.0;eor
       5688;2018112514;    3;   7.8;  56.0;eor
       5688;2018112515;    3;   6.3;  67.0;eor
       5688;2018112516;    3;   0.8;  92.0;eor
       5688;2018112517;    3;  -0.1;  99.0;eor
       5688;2018112518;    3;   0.8;  99.0;eor
       5688;2018112519;    3;   1.2; 100.0;eor
       5688;2018112520;    3;   0.8; 100.0;eor
       5688;2018112521;    3;   0.4; 100.0;eor
       5688;2018112522;    3;  -0.1; 100.0;eor
       5688;2018112523;    3;  -0.4;  98.0;eor
       5688;2018112600;    3;  -0.5;  98.0;eor
       5688;2018112601;    3;  -0.4;  97.0;eor
       5688;2018112602;    3;  -0.1;  96.0;eor
       5688;2018112603;    3;  -0.1;  97.0;eor
       5688;2018112604;    3;   0.0;  97.0;eor
       5688;2018112605;    3;   0.0;  96.0;eor
       5688;2018112606;    3;   0.0;  96.0;eor
       5688;2018112607;    3;   0.0;  96.0;eor
       5688;2018112608;    3;   0.1;  95.0;eor
       5688;2018112609;    3;   0.5;  94.0;eor
       5688;2018112610;    3;   0.9;  92.0;eor
       5688;2018112611;    3;   1.2;  88.0;eor
       5688;2018112612;    3;   1.9;  86.0;eor
       5688;2018112613;    3;   1.5;  86.0;eor
       5688;2018112614;    3;   1.4;  88.0;eor
       5688;2018112615;    3;   1.2;  90.0;eor
       5688;2018112616;    3;   0.9;  94.0;eor
       5688;2018112617;    3;   0.8;  95.0;eor
       5688;2018112618;    3;   0.9;  93.0;eor
       5688;2018112619;    3;   0.7;  96.0;eor
       5688;2018112620;    3;   0.8;  97.0;eor
       5688;2018112621;    3;   0.7;  97.0;eor
       5688;2018112622;    3;   0.8;  95.0;eor
       5688;2018112623;    3;   0.7;  95.0;eor
       5688;2018112700;    3;   0.4;  97.0;eor
       5688;2018112701;    3;   0.2;  97.0;eor
       5688;2018112702;    3;   0.3;  96.0;eor
       5688;2018112703;    3;  -0.1;  96.0;eor
       5688;2018112704;    3;   0.0;  97.0;eor
       5688;2018112705;    3;  -0.1;  98.0;eor
       5688;2018112706;    3;  -0.6;  97.0;eor
       5688;2018112707;    3;  -0.5;  98.0;eor
       5688;2018112708;    3;  -0.3;  98.0;eor
       5688;2018112709;    3;  -0.1;  98.0;eor
       5688;2018112710;    3;   0.4;  95.0;eor
       5688;2018112711;    3;   0.9;  92.0;eor
       5688;2018112712;    3;   1.0;  96.0;eor
       5688;2018112713;    3;   0.2;  98.0;eor
       5688;2018112714;    3;   0.4;  97.0;eor
       5688;2018112715;    3;   0.6;  98.0;eor
       5688;2018112716;    3;   0.5;  94.0;eor
       5688;2018112717;    3;   0.3;  98.0;eor
       5688;2018112718;    3;   0.3;  98.0;eor
       5688;2018112719;    3;   0.2;  98.0;eor
       5688;2018112720;    3;   0.2;  98.0;eor
       5688;2018112721;    3;   0.2;  98.0;eor
       5688;2018112722;    3;   0.2;  97.0;eor
       5688;2018112723;    3;   0.2;  97.0;eor
       5688;2018112800;    3;   0.1;  97.0;eor
       5688;2018112801;    3;   0.0;  99.0;eor
       5688;2018112802;    3;   0.1;  99.0;eor
       5688;2018112803;    3;  -0.2;  98.0;eor
       5688;2018112804;    3;  -0.1;  97.0;eor
       5688;2018112805;    3;  -0.1;  97.0;eor
       5688;2018112806;    3;  -0.1;  96.0;eor
       5688;2018112807;    3;  -0.3;  97.0;eor
       5688;2018112808;    3;  -0.2;  96.0;eor
       5688;2018112809;    3;   0.0;  93.0;eor
       5688;2018112810;    3;   0.0;  95.0;eor
       5688;2018112811;    3;   0.4;  93.0;eor
       5688;2018112812;    3;   0.6;  91.0;eor
       5688;2018112813;    3;   1.1;  93.0;eor
       5688;2018112814;    3;   1.0;  92.0;eor
       5688;2018112815;    3;   0.7;  95.0;eor
       5688;2018112816;    3;   0.4;  98.0;eor
       5688;2018112817;    3;   0.4;  98.0;eor
       5688;2018112818;    3;   0.3;  98.0;eor
       5688;2018112819;    3;   0.4;  97.0;eor
       5688;2018112820;    3;   0.9;  95.0;eor
       5688;2018112821;    3;   0.6;  94.0;eor
       5688;2018112822;    3;   0.9;  91.0;eor
       5688;2018112823;    3;   0.8;  95.0;eor
       5688;2018112900;    3;   0.8;  93.0;eor
       5688;2018112901;    3;   0.9;  94.0;eor
       5688;2018112902;    3;   1.5;  90.0;eor
       5688;2018112903;    3;   1.6;  83.0;eor
       5688;2018112904;    3;   3.0;  73.0;eor
       5688;2018112905;    3;   2.7;  66.0;eor
       5688;2018112906;    3;   1.9;  72.0;eor
       5688;2018112907;    3;   2.4;  69.0;eor
       5688;2018112908;    3;   3.6;  77.0;eor
       5688;2018112909;    3;   5.0;  73.0;eor
       5688;2018112910;    3;   4.7;  77.0;eor
       5688;2018112911;    3;   4.0;  87.0;eor
       5688;2018112912;    3;   3.7;  90.0;eor
       5688;2018112913;    3;   3.8;  90.0;eor
       5688;2018112914;    3;   2.9;  95.0;eor
       5688;2018112915;    3;   2.3;  97.0;eor
       5688;2018112916;    3;   2.4;  96.0;eor
       5688;2018112917;    3;   2.0;  93.0;eor
       5688;2018112918;    3;   1.6;  90.0;eor
       5688;2018112919;    3;   2.2;  87.0;eor
       5688;2018112920;    3;   2.7;  86.0;eor
       5688;2018112921;    3;   1.9;  77.0;eor
       5688;2018112922;    3;   6.4;  56.0;eor
       5688;2018112923;    3;   4.8;  61.0;eor
       5688;2018113000;    3;   3.5;  68.0;eor
       5688;2018113001;    3;   3.6;  72.0;eor
       5688;2018113002;    3;   5.0;  58.0;eor
       5688;2018113003;    3;   5.1;  55.0;eor
       5688;2018113004;    3;   4.5;  61.0;eor
       5688;2018113005;    3;   5.1;  59.0;eor
       5688;2018113006;    3;   4.8;  62.0;eor
       5688;2018113007;    3;   4.3;  82.0;eor
       5688;2018113008;    3;   4.0;  92.0;eor
       5688;2018113009;    3;   4.8;  90.0;eor
       5688;2018113010;    3;   5.7;  85.0;eor
       5688;2018113011;    3;   5.9;  85.0;eor
       5688;2018113012;    3;   5.5;  87.0;eor
       5688;2018113013;    3;   4.6;  92.0;eor
       5688;2018113014;    3;   4.2;  95.0;eor
       5688;2018113015;    3;   3.9;  96.0;eor
       5688;2018113016;    3;   3.5;  95.0;eor
       5688;2018113017;    3;   3.3;  98.0;eor
       5688;2018113018;    3;   3.3;  99.0;eor
       5688;2018113019;    3;   3.4;  99.0;eor
       5688;2018113020;    3;   3.5;  99.0;eor
       5688;2018113021;    3;   3.8;  98.0;eor
       5688;2018113022;    3;   3.8;  97.0;eor
       5688;2018113023;    3;   3.8;  95.0;eor
       5688;2018120100;    3;   3.0;  96.0;eor
       5688;2018120101;    3;   2.9;  98.0;eor
       5688;2018120102;    3;   3.6;  98.0;eor
       5688;2018120103;    3;   3.5;  98.0;eor
       5688;2018120104;    3;   3.5;  98.0;eor
       5688;2018120105;    3;   3.3;  98.0;eor
       5688;2018120106;    3;   3.2;  99.0;eor
       5688;2018120107;    3;   2.8;  94.0;eor
       5688;2018120108;    3;   3.1;  92.0;eor
       5688;2018120109;    3;   4.6;  89.0;eor
       5688;2018120110;    3;   3.8;  93.0;eor
       5688;2018120111;    3;   4.2;  91.0;eor
       5688;2018120112;    3;   4.2;  97.0;eor
       5688;2018120113;    3;   4.6;  94.0;eor
       5688;2018120114;    3;   3.9;  94.0;eor
       5688;2018120115;    3;   3.8;  94.0;eor
       5688;2018120116;    3;   3.2;  99.0;eor
       5688;2018120117;    3;   2.9;  94.0;eor
       5688;2018120118;    3;   3.0;  90.0;eor
       5688;2018120119;    3;   2.3;  94.0;eor
       5688;2018120120;    3;   2.8;  94.0;eor
       5688;2018120121;    3;   2.5;  97.0;eor
       5688;2018120122;    3;   2.6;  97.0;eor
       5688;2018120123;    3;   2.3;  95.0;eor
       5688;2018120200;    3;   2.8;  89.0;eor
       5688;2018120201;    3;   2.4;  94.0;eor
       5688;2018120202;    3;   2.7;  95.0;eor
       5688;2018120203;    3;   2.8;  92.0;eor
       5688;2018120204;    3;   4.4;  76.0;eor
       5688;2018120205;    3;   5.3;  70.0;eor
       5688;2018120206;    3;   5.1;  84.0;eor
       5688;2018120207;    3;   5.1;  96.0;eor
       5688;2018120208;    3;   5.7;  98.0;eor
       5688;2018120209;    3;   6.3;  96.0;eor
       5688;2018120210;    3;   6.5;  97.0;eor
       5688;2018120211;    3;   7.0;  97.0;eor
       5688;2018120212;    3;   7.2;  98.0;eor
       5688;2018120213;    3;   7.5;  97.0;eor
       5688;2018120214;    3;   7.6;  98.0;eor
       5688;2018120215;    3;   8.0;  97.0;eor
       5688;2018120216;    3;   8.1;  97.0;eor
       5688;2018120217;    3;   7.7;  99.0;eor
       5688;2018120218;    3;   8.1;  98.0;eor
       5688;2018120219;    3;   8.2;  98.0;eor
       5688;2018120220;    3;   8.2;  99.0;eor
       5688;2018120221;    3;   8.4;  97.0;eor
       5688;2018120222;    3;   8.5;  97.0;eor
       5688;2018120223;    3;   8.4;  98.0;eor
       5688;2018120300;    3;   8.5;  97.0;eor
       5688;2018120301;    3;   8.4;  99.0;eor
       5688;2018120302;    3;   8.7;  96.0;eor
       5688;2018120303;    3;   8.6;  96.0;eor
       5688;2018120304;    3;   8.5;  96.0;eor
       5688;2018120305;    3;   8.5;  96.0;eor
       5688;2018120306;    3;   8.7;  96.0;eor
       5688;2018120307;    3;   8.8;  97.0;eor
       5688;2018120308;    3;   8.8;  96.0;eor
       5688;2018120309;    3;   8.9;  94.0;eor
       5688;2018120310;    3;   8.8;  96.0;eor
       5688;2018120311;    3;   9.2;  95.0;eor
       5688;2018120312;    3;   9.3;  93.0;eor
       5688;2018120313;    3;   9.2;  95.0;eor
       5688;2018120314;    3;   9.6;  90.0;eor
       5688;2018120315;    3;   9.4;  92.0;eor
       5688;2018120316;    3;   9.4;  91.0;eor
       5688;2018120317;    3;   9.3;  92.0;eor
       5688;2018120318;    3;   9.2;  94.0;eor
       5688;2018120319;    3;   7.8;  93.0;eor
       5688;2018120320;    3;   6.8;  94.0;eor
       5688;2018120321;    3;   6.4;  96.0;eor
       5688;2018120322;    3;   6.6;  94.0;eor
       5688;2018120323;    3;   6.5;  95.0;eor
       5688;2018120400;    3;   6.7;  92.0;eor
       5688;2018120401;    3;   6.4;  93.0;eor
       5688;2018120402;    3;   6.3;  95.0;eor
       5688;2018120403;    3;   6.2;  93.0;eor
       5688;2018120404;    3;   6.4;  92.0;eor
       5688;2018120405;    3;   6.0;  90.0;eor
       5688;2018120406;    3;   5.2;  90.0;eor
       5688;2018120407;    3;   4.9;  92.0;eor
       5688;2018120408;    3;   5.3;  92.0;eor
       5688;2018120409;    3;   5.8;  90.0;eor
       5688;2018120410;    3;   6.0;  90.0;eor
       5688;2018120411;    3;   5.7;  93.0;eor
       5688;2018120412;    3;   6.2;  90.0;eor
       5688;2018120413;    3;   6.6;  86.0;eor
       5688;2018120414;    3;   6.1;  92.0;eor
       5688;2018120415;    3;   5.7;  94.0;eor
       5688;2018120416;    3;   4.2;  92.0;eor
       5688;2018120417;    3;   3.7;  95.0;eor
       5688;2018120418;    3;   3.4;  96.0;eor
       5688;2018120419;    3;   3.4;  98.0;eor
       5688;2018120420;    3;   3.5;  98.0;eor
       5688;2018120421;    3;   3.2;  98.0;eor
       5688;2018120422;    3;   3.3; 100.0;eor
       5688;2018120423;    3;   3.0;  98.0;eor
       5688;2018120500;    3;   3.0;  98.0;eor
       5688;2018120501;    3;   3.1;  97.0;eor
       5688;2018120502;    3;   3.1;  97.0;eor
       5688;2018120503;    3;   3.4;  95.0;eor
       5688;2018120504;    3;   3.5;  95.0;eor
       5688;2018120505;    3;   3.2;  98.0;eor
       5688;2018120506;    3;   3.2;  96.0;eor
       5688;2018120507;    3;   3.9;  95.0;eor
       5688;2018120508;    3;   3.8;  97.0;eor
       5688;2018120509;    3;   4.2;  99.0;eor
       5688;2018120510;    3;   4.2; 100.0;eor
       5688;2018120511;    3;   4.8; 100.0;eor
       5688;2018120512;    3;   5.3;  97.0;eor
       5688;2018120513;    3;   5.9;  92.0;eor
       5688;2018120514;    3;   5.5;  93.0;eor
       5688;2018120515;    3;   5.0;  95.0;eor
       5688;2018120516;    3;   4.4;  97.0;eor
       5688;2018120517;    3;   4.2;  98.0;eor
       5688;2018120518;    3;   4.4;  92.0;eor
       5688;2018120519;    3;   3.9;  96.0;eor
       5688;2018120520;    3;   3.8;  97.0;eor
       5688;2018120521;    3;   4.1;  96.0;eor
       5688;2018120522;    3;   4.0;  97.0;eor
       5688;2018120523;    3;   4.4;  93.0;eor
       5688;2018120600;    3;   4.9;  90.0;eor
       5688;2018120601;    3;   4.2;  96.0;eor
       5688;2018120602;    3;   5.8;  84.0;eor
       5688;2018120603;    3;   4.7;  94.0;eor
       5688;2018120604;    3;   6.3;  94.0;eor
       5688;2018120605;    3;   6.1;  97.0;eor
       5688;2018120606;    3;   6.1;  99.0;eor
       5688;2018120607;    3;   6.1; 100.0;eor
       5688;2018120608;    3;   6.4;  98.0;eor
       5688;2018120609;    3;   6.8;  97.0;eor
       5688;2018120610;    3;   6.8;  98.0;eor
       5688;2018120611;    3;   7.0;  98.0;eor
       5688;2018120612;    3;   6.9;  99.0;eor
       5688;2018120613;    3;   7.0;  97.0;eor
       5688;2018120614;    3;   7.2;  96.0;eor
       5688;2018120615;    3;   7.4;  94.0;eor
       5688;2018120616;    3;   7.5;  96.0;eor
       5688;2018120617;    3;   7.6;  97.0;eor
       5688;2018120618;    3;   7.6;  96.0;eor
       5688;2018120619;    3;   7.5;  96.0;eor
       5688;2018120620;    3;   7.5;  98.0;eor
       5688;2018120621;    3;   7.6;  97.0;eor
       5688;2018120622;    3;   7.6;  95.0;eor
       5688;2018120623;    3;   7.5;  97.0;eor
       5688;2018120700;    3;   7.5;  97.0;eor
       5688;2018120701;    3;   7.6;  97.0;eor
       5688;2018120702;    3;   7.5;  99.0;eor
       5688;2018120703;    3;   7.5;  98.0;eor
       5688;2018120704;    3;   7.2;  96.0;eor
       5688;2018120705;    3;   7.1;  97.0;eor
       5688;2018120706;    3;   6.7;  97.0;eor
       5688;2018120707;    3;   6.6;  94.0;eor
       5688;2018120708;    3;   6.5;  93.0;eor
       5688;2018120709;    3;   7.5;  90.0;eor
       5688;2018120710;    3;   7.1;  90.0;eor
       5688;2018120711;    3;   7.1;  86.0;eor
       5688;2018120712;    3;   6.5;  89.0;eor
       5688;2018120713;    3;   6.3;  90.0;eor
       5688;2018120714;    3;   6.6;  86.0;eor
       5688;2018120715;    3;   6.5;  87.0;eor
       5688;2018120716;    3;   6.0;  88.0;eor
       5688;2018120717;    3;   6.1;  88.0;eor
       5688;2018120718;    3;   5.8;  94.0;eor
       5688;2018120719;    3;   6.0;  94.0;eor
       5688;2018120720;    3;   6.0;  94.0;eor
       5688;2018120721;    3;   4.5;  88.0;eor
       5688;2018120722;    3;   3.5;  92.0;eor
       5688;2018120723;    3;   2.7;  91.0;eor
       5688;2018120800;    3;   2.0;  90.0;eor
       5688;2018120801;    3;   1.6;  89.0;eor
       5688;2018120802;    3;   1.3;  89.0;eor
       5688;2018120803;    3;   1.3;  86.0;eor
       5688;2018120804;    3;   1.5;  88.0;eor
       5688;2018120805;    3;   1.4;  89.0;eor
       5688;2018120806;    3;   1.4;  89.0;eor
       5688;2018120807;    3;   0.9;  93.0;eor
       5688;2018120808;    3;   1.3;  91.0;eor
       5688;2018120809;    3;   1.8;  89.0;eor
       5688;2018120810;    3;   1.5;  89.0;eor
       5688;2018120811;    3;   1.2;  92.0;eor
       5688;2018120812;    3;   2.5;  89.0;eor
       5688;2018120813;    3;   2.4;  94.0;eor
       5688;2018120814;    3;   2.7;  94.0;eor
       5688;2018120815;    3;   2.6;  93.0;eor
       5688;2018120816;    3;   2.9;  92.0;eor
       5688;2018120817;    3;   3.1;  91.0;eor
       5688;2018120818;    3;   3.2;  91.0;eor
       5688;2018120819;    3;   2.9;  96.0;eor
       5688;2018120820;    3;   3.3;  95.0;eor
       5688;2018120821;    3;   3.0;  97.0;eor
       5688;2018120822;    3;   3.6;  97.0;eor
       5688;2018120823;    3;   4.8;  93.0;eor
       5688;2018120900;    3;   5.6;  90.0;eor
       5688;2018120901;    3;   5.8;  95.0;eor
       5688;2018120902;    3;   5.7;  93.0;eor
       5688;2018120903;    3;   5.0;  95.0;eor
       5688;2018120904;    3;   4.5;  98.0;eor
       5688;2018120905;    3;   4.3;  97.0;eor
       5688;2018120906;    3;   3.8;  94.0;eor
       5688;2018120907;    3;   2.6;  95.0;eor
       5688;2018120908;    3;   2.6;  95.0;eor
       5688;2018120909;    3;   3.0;  93.0;eor
       5688;2018120910;    3;   2.9;  94.0;eor
       5688;2018120911;    3;   2.9;  93.0;eor
       5688;2018120912;    3;   2.9;  94.0;eor
       5688;2018120913;    3;   2.3;  97.0;eor
       5688;2018120914;    3;   2.6;  97.0;eor
       5688;2018120915;    3;   2.1;  98.0;eor
       5688;2018120916;    3;   2.4;  96.0;eor
       5688;2018120917;    3;   2.6;  98.0;eor
       5688;2018120918;    3;   2.3;  96.0;eor
       5688;2018120919;    3;   2.4;  94.0;eor
       5688;2018120920;    3;   2.9;  92.0;eor
       5688;2018120921;    3;   2.6;  95.0;eor
       5688;2018120922;    3;   1.5;  95.0;eor
       5688;2018120923;    3;   2.2;  88.0;eor
       5688;2018121000;    3;   1.5;  86.0;eor
       5688;2018121001;    3;   1.1;  88.0;eor
       5688;2018121002;    3;   1.0;  87.0;eor
       5688;2018121003;    3;   1.0;  85.0;eor
       5688;2018121004;    3;   0.7;  87.0;eor
       5688;2018121005;    3;   0.7;  94.0;eor
       5688;2018121006;    3;   0.4;  97.0;eor
       5688;2018121007;    3;   0.9;  89.0;eor
       5688;2018121008;    3;   0.8;  88.0;eor
       5688;2018121009;    3;   0.9;  85.0;eor
       5688;2018121010;    3;   1.1;  85.0;eor
       5688;2018121011;    3;   1.5;  84.0;eor
       5688;2018121012;    3;   1.6;  89.0;eor
       5688;2018121013;    3;   2.1;  82.0;eor
       5688;2018121014;    3;   1.6;  86.0;eor
       5688;2018121015;    3;   1.4;  90.0;eor
       5688;2018121016;    3;   1.1;  88.0;eor
       5688;2018121017;    3;   0.8;  90.0;eor
       5688;2018121018;    3;   1.0;  85.0;eor
       5688;2018121019;    3;   0.9;  85.0;eor
       5688;2018121020;    3;   0.8;  86.0;eor
       5688;2018121021;    3;   0.8;  85.0;eor
       5688;2018121022;    3;   0.3;  91.0;eor
       5688;2018121023;    3;   0.1;  96.0;eor
       5688;2018121100;    3;  -0.4;  88.0;eor
       5688;2018121101;    3;  -0.7;  90.0;eor
       5688;2018121102;    3;  -0.8;  87.0;eor
       5688;2018121103;    3;  -1.9;  84.0;eor
       5688;2018121104;    3;  -2.1;  86.0;eor
       5688;2018121105;    3;  -2.9;  85.0;eor
       5688;2018121106;    3;  -3.0;  87.0;eor
       5688;2018121107;    3;  -2.8;  87.0;eor
       5688;2018121108;    3;  -2.2;  80.0;eor
       5688;2018121109;    3;  -1.6;  76.0;eor
       5688;2018121110;    3;  -0.3;  71.0;eor
       5688;2018121111;    3;   0.7;  64.0;eor
       5688;2018121112;    3;   1.9;  64.0;eor
       5688;2018121113;    3;   0.2;  68.0;eor
       5688;2018121114;    3;   0.0;  75.0;eor
       5688;2018121115;    3;  -0.9;  86.0;eor
       5688;2018121116;    3;  -1.4;  83.0;eor
       5688;2018121117;    3;  -1.1;  68.0;eor
       5688;2018121118;    3;  -1.2;  61.0;eor
       5688;2018121119;    3;  -3.5;  77.0;eor
       5688;2018121120;    3;  -1.8;  58.0;eor
       5688;2018121121;    3;  -2.6;  63.0;eor
       5688;2018121122;    3;  -2.5;  65.0;eor
       5688;2018121123;    3;  -2.5;  63.0;eor
       5688;2018121200;    3;  -2.7;  66.0;eor
       5688;2018121201;    3;  -3.9;  74.0;eor
       5688;2018121202;    3;  -4.1;  76.0;eor
       5688;2018121203;    3;  -3.8;  74.0;eor
       5688;2018121204;    3;  -4.0;  78.0;eor
       5688;2018121205;    3;  -4.0;  82.0;eor
       5688;2018121206;    3;  -4.1;  87.0;eor
       5688;2018121207;    3;  -4.1;  88.0;eor
       5688;2018121208;    3;  -3.7;  84.0;eor
       5688;2018121209;    3;  -2.3;  80.0;eor
       5688;2018121210;    3;  -0.7;  73.0;eor
       5688;2018121211;    3;  -0.4;  74.0;eor
       5688;2018121212;    3;  -2.0;  85.0;eor
       5688;2018121213;    3;  -1.5;  81.0;eor
       5688;2018121214;    3;  -0.7;  75.0;eor
       5688;2018121215;    3;  -1.6;  81.0;eor
       5688;2018121216;    3;  -2.8;  84.0;eor
       5688;2018121217;    3;  -3.0;  86.0;eor
       5688;2018121218;    3;  -3.1;  90.0;eor
       5688;2018121219;    3;  -2.9;  88.0;eor
       5688;2018121220;    3;  -3.6;  88.0;eor
       5688;2018121221;    3;  -3.5;  87.0;eor
       5688;2018121222;    3;  -3.1;  88.0;eor
       5688;2018121223;    3;  -3.0;  88.0;eor
       5688;2018121300;    3;  -2.8;  86.0;eor
       5688;2018121301;    3;  -2.7;  88.0;eor
       5688;2018121302;    3;  -2.7;  86.0;eor
       5688;2018121303;    3;  -2.9;  84.0;eor
       5688;2018121304;    3;  -3.1;  85.0;eor
       5688;2018121305;    3;  -3.2;  84.0;eor
       5688;2018121306;    3;  -3.2;  83.0;eor
       5688;2018121307;    3;  -3.2;  84.0;eor
       5688;2018121308;    3;  -3.3;  86.0;eor
       5688;2018121309;    3;  -2.7;  83.0;eor
       5688;2018121310;    3;  -2.7;  85.0;eor
       5688;2018121311;    3;  -2.2;  82.0;eor
       5688;2018121312;    3;  -1.8;  73.0;eor
       5688;2018121313;    3;  -2.5;  77.0;eor
       5688;2018121314;    3;  -2.8;  78.0;eor
       5688;2018121315;    3;  -3.3;  80.0;eor
       5688;2018121316;    3;  -3.6;  83.0;eor
       5688;2018121317;    3;  -4.3;  86.0;eor
       5688;2018121318;    3;  -4.0;  86.0;eor
       5688;2018121319;    3;  -4.5;  87.0;eor
       5688;2018121320;    3;  -4.2;  88.0;eor
       5688;2018121321;    3;  -4.4;  86.0;eor
       5688;2018121322;    3;  -4.4;  85.0;eor
       5688;2018121323;    3;  -5.0;  87.0;eor
       5688;2018121400;    3;  -5.3;  87.0;eor
       5688;2018121401;    3;  -5.4;  87.0;eor
       5688;2018121402;    3;  -5.5;  87.0;eor
       5688;2018121403;    3;  -6.0;  89.0;eor
       5688;2018121404;    3;  -5.7;  89.0;eor
       5688;2018121405;    3;  -5.7;  88.0;eor
       5688;2018121406;    3;  -5.2;  87.0;eor
       5688;2018121407;    3;  -5.1;  87.0;eor
       5688;2018121408;    3;  -5.1;  85.0;eor
       5688;2018121409;    3;  -5.0;  85.0;eor
       5688;2018121410;    3;  -4.7;  84.0;eor
       5688;2018121411;    3;  -4.2;  82.0;eor
       5688;2018121412;    3;  -4.5;  82.0;eor
       5688;2018121413;    3;  -4.1;  80.0;eor
       5688;2018121414;    3;  -4.4;  80.0;eor
       5688;2018121415;    3;  -4.6;  83.0;eor
       5688;2018121416;    3;  -5.0;  86.0;eor
       5688;2018121417;    3;  -5.2;  87.0;eor
       5688;2018121418;    3;  -5.2;  86.0;eor
       5688;2018121419;    3;  -5.3;  87.0;eor
       5688;2018121420;    3;  -5.4;  87.0;eor
       5688;2018121421;    3;  -5.6;  87.0;eor
       5688;2018121422;    3;  -5.7;  88.0;eor
       5688;2018121423;    3;  -5.7;  90.0;eor
       5688;2018121500;    3;  -5.9;  89.0;eor
       5688;2018121501;    3;  -6.2;  90.0;eor
       5688;2018121502;    3;  -6.2;  90.0;eor
       5688;2018121503;    3;  -6.3;  89.0;eor
       5688;2018121504;    3;  -6.3;  89.0;eor
       5688;2018121505;    3;  -6.2;  90.0;eor
       5688;2018121506;    3;  -6.0;  89.0;eor
       5688;2018121507;    3;  -6.0;  88.0;eor
       5688;2018121508;    3;  -5.9;  89.0;eor
       5688;2018121509;    3;  -5.9;  86.0;eor
       5688;2018121510;    3;  -5.3;  83.0;eor
       5688;2018121511;    3;  -4.9;  83.0;eor
       5688;2018121512;    3;  -4.9;  82.0;eor
       5688;2018121513;    3;  -4.8;  81.0;eor
       5688;2018121514;    3;  -4.9;  83.0;eor
       5688;2018121515;    3;  -5.4;  84.0;eor
       5688;2018121516;    3;  -5.9;  86.0;eor
       5688;2018121517;    3;  -6.1;  87.0;eor
       5688;2018121518;    3;  -6.7;  88.0;eor
       5688;2018121519;    3;  -6.3;  86.0;eor
       5688;2018121520;    3;  -6.1;  88.0;eor
       5688;2018121521;    3;  -5.9;  86.0;eor
       5688;2018121522;    3;  -6.0;  86.0;eor
       5688;2018121523;    3;  -5.9;  86.0;eor
       5688;2018121600;    3;  -5.4;  87.0;eor
       5688;2018121601;    3;  -5.3;  93.0;eor
       5688;2018121602;    3;  -5.3;  94.0;eor
       5688;2018121603;    3;  -5.4;  92.0;eor
       5688;2018121604;    3;  -5.0;  93.0;eor
       5688;2018121605;    3;  -4.2;  94.0;eor
       5688;2018121606;    3;  -3.7;  96.0;eor
       5688;2018121607;    3;  -2.8;  98.0;eor
       5688;2018121608;    3;   0.4; 100.0;eor
       5688;2018121609;    3;   0.8; 100.0;eor
       5688;2018121610;    3;   1.2;  98.0;eor
       5688;2018121611;    3;   1.8;  94.0;eor
       5688;2018121612;    3;   1.9;  94.0;eor
       5688;2018121613;    3;   2.6;  88.0;eor
       5688;2018121614;    3;   2.5;  88.0;eor
       5688;2018121615;    3;   1.4;  92.0;eor
       5688;2018121616;    3;   1.1;  95.0;eor
       5688;2018121617;    3;   0.6;  99.0;eor
       5688;2018121618;    3;   0.2; 100.0;eor
       5688;2018121619;    3;   0.3;  99.0;eor
       5688;2018121620;    3;   0.9;  98.0;eor
       5688;2018121621;    3;   1.4;  94.0;eor
       5688;2018121622;    3;  -0.5;  97.0;eor
       5688;2018121623;    3;  -0.3;  97.0;eor
       5688;2018121700;    3;   0.3;  97.0;eor
       5688;2018121701;    3;   0.9;  94.0;eor
       5688;2018121702;    3;   1.0;  92.0;eor
       5688;2018121703;    3;   0.3;  92.0;eor
       5688;2018121704;    3;   1.0;  93.0;eor
       5688;2018121705;    3;   0.6;  94.0;eor
       5688;2018121706;    3;   0.7;  96.0;eor
       5688;2018121707;    3;   0.0;  98.0;eor
       5688;2018121708;    3;   0.8;  97.0;eor
       5688;2018121709;    3;   1.2;  99.0;eor
       5688;2018121710;    3;   1.2; 100.0;eor
       5688;2018121711;    3;   1.3;  99.0;eor
       5688;2018121712;    3;   1.4;  98.0;eor
       5688;2018121713;    3;   1.3;  99.0;eor
       5688;2018121714;    3;   1.2; 100.0;eor
       5688;2018121715;    3;   1.3;  92.0;eor
       5688;2018121716;    3;   1.4;  92.0;eor
       5688;2018121717;    3;   1.1;  94.0;eor
       5688;2018121718;    3;   1.4;  95.0;eor
       5688;2018121719;    3;   1.4;  96.0;eor
       5688;2018121720;    3;   1.3;  95.0;eor
       5688;2018121721;    3;   1.1;  96.0;eor
       5688;2018121722;    3;   0.7;  97.0;eor
       5688;2018121723;    3;   0.8;  93.0;eor
       5688;2018121800;    3;  -0.1;  93.0;eor
       5688;2018121801;    3;  -0.1;  91.0;eor
       5688;2018121802;    3;  -0.5;  96.0;eor
       5688;2018121803;    3;  -1.0; 100.0;eor
       5688;2018121804;    3;  -1.1;  99.0;eor
       5688;2018121805;    3;  -2.2;  99.0;eor
       5688;2018121806;    3;  -1.4;  97.0;eor
       5688;2018121807;    3;  -1.2;  97.0;eor
       5688;2018121808;    3;  -1.9;  99.0;eor
       5688;2018121809;    3;  -0.7;  93.0;eor
       5688;2018121810;    3;   1.1;  82.0;eor
       5688;2018121811;    3;   2.0;  74.0;eor
       5688;2018121812;    3;   2.1;  74.0;eor
       5688;2018121813;    3;   1.5;  70.0;eor
       5688;2018121814;    3;   2.3;  69.0;eor
       5688;2018121815;    3;   0.7;  79.0;eor
       5688;2018121816;    3;  -0.7;  93.0;eor
       5688;2018121817;    3;  -0.4;  81.0;eor
       5688;2018121818;    3;  -2.1;  82.0;eor
       5688;2018121819;    3;  -2.2;  80.0;eor
       5688;2018121820;    3;  -2.5;  83.0;eor
       5688;2018121821;    3;  -1.7;  74.0;eor
       5688;2018121822;    3;  -0.7;  69.0;eor
       5688;2018121823;    3;  -1.3;  79.0;eor
       5688;2018121900;    3;  -2.0;  87.0;eor
       5688;2018121901;    3;  -2.3;  94.0;eor
       5688;2018121902;    3;  -2.2;  92.0;eor
       5688;2018121903;    3;  -2.0;  92.0;eor
       5688;2018121904;    3;  -0.3;  80.0;eor
       5688;2018121905;    3;  -1.0;  90.0;eor
       5688;2018121906;    3;   3.2;  83.0;eor
       5688;2018121907;    3;   3.1;  84.0;eor
       5688;2018121908;    3;   3.7;  84.0;eor
       5688;2018121909;    3;   3.5;  85.0;eor
       5688;2018121910;    3;   4.6;  80.0;eor
       5688;2018121911;    3;   1.6;  90.0;eor
       5688;2018121912;    3;   2.6;  84.0;eor
       5688;2018121913;    3;   2.8;  88.0;eor
       5688;2018121914;    3;   2.5;  91.0;eor
       5688;2018121915;    3;   2.6;  95.0;eor
       5688;2018121916;    3;   2.0;  95.0;eor
       5688;2018121917;    3;   1.3;  96.0;eor
       5688;2018121918;    3;   0.5;  98.0;eor
       5688;2018121919;    3;   0.9;  97.0;eor
       5688;2018121920;    3;   0.6;  99.0;eor
       5688;2018121921;    3;   0.4;  99.0;eor
       5688;2018121922;    3;   1.4;  95.0;eor
       5688;2018121923;    3;   1.3;  98.0;eor
       5688;2018122000;    3;   2.0;  94.0;eor
       5688;2018122001;    3;   1.6;  96.0;eor
       5688;2018122002;    3;   2.0;  94.0;eor
       5688;2018122003;    3;   2.1;  92.0;eor
       5688;2018122004;    3;   2.0;  92.0;eor
       5688;2018122005;    3;   2.0;  92.0;eor
       5688;2018122006;    3;   1.9;  92.0;eor
       5688;2018122007;    3;   1.9;  90.0;eor
       5688;2018122008;    3;   1.7;  90.0;eor
       5688;2018122009;    3;   2.0;  87.0;eor
       5688;2018122010;    3;   3.0;  83.0;eor
       5688;2018122011;    3;   2.4;  89.0;eor
       5688;2018122012;    3;   2.6;  83.0;eor
       5688;2018122013;    3;   2.2;  90.0;eor
       5688;2018122014;    3;   2.9;  87.0;eor
       5688;2018122015;    3;   2.6;  91.0;eor
       5688;2018122016;    3;   1.8;  96.0;eor
       5688;2018122017;    3;   2.4;  93.0;eor
       5688;2018122018;    3;   2.1;  93.0;eor
       5688;2018122019;    3;   2.2;  93.0;eor
       5688;2018122020;    3;   2.3;  91.0;eor
       5688;2018122021;    3;   2.3;  93.0;eor
       5688;2018122022;    3;   2.1;  94.0;eor
       5688;2018122023;    3;   2.5;  91.0;eor
       5688;2018122100;    3;   2.7;  90.0;eor
       5688;2018122101;    3;   2.5;  90.0;eor
       5688;2018122102;    3;   2.7;  90.0;eor
       5688;2018122103;    3;   2.9;  87.0;eor
       5688;2018122104;    3;   2.8;  88.0;eor
       5688;2018122105;    3;   2.7;  85.0;eor
       5688;2018122106;    3;   2.3;  89.0;eor
       5688;2018122107;    3;   3.5;  87.0;eor
       5688;2018122108;    3;   4.2;  82.0;eor
       5688;2018122109;    3;   3.7;  93.0;eor
       5688;2018122110;    3;   4.5;  91.0;eor
       5688;2018122111;    3;   4.7;  94.0;eor
       5688;2018122112;    3;   4.8;  96.0;eor
       5688;2018122113;    3;   5.2;  96.0;eor
       5688;2018122114;    3;   5.2;  97.0;eor
       5688;2018122115;    3;   5.7;  98.0;eor
       5688;2018122116;    3;   5.9;  98.0;eor
       5688;2018122117;    3;   6.4;  98.0;eor
       5688;2018122118;    3;   6.5;  98.0;eor
       5688;2018122119;    3;   7.2;  96.0;eor
       5688;2018122120;    3;   6.7;  99.0;eor
       5688;2018122121;    3;   7.0;  98.0;eor
       5688;2018122122;    3;   7.7;  99.0;eor
       5688;2018122123;    3;   8.1;  97.0;eor
       5688;2018122200;    3;   8.3;  96.0;eor
       5688;2018122201;    3;   8.4;  94.0;eor
       5688;2018122202;    3;   8.1;  97.0;eor
       5688;2018122203;    3;   7.9;  94.0;eor
       5688;2018122204;    3;   7.8;  93.0;eor
       5688;2018122205;    3;   7.5;  92.0;eor
       5688;2018122206;    3;   7.4;  92.0;eor
       5688;2018122207;    3;   7.0;  93.0;eor
       5688;2018122208;    3;   6.3;  92.0;eor
       5688;2018122209;    3;   6.1;  89.0;eor
       5688;2018122210;    3;   6.5;  86.0;eor
       5688;2018122211;    3;   6.0;  90.0;eor
       5688;2018122212;    3;   6.4;  89.0;eor
       5688;2018122213;    3;   6.2;  92.0;eor
       5688;2018122214;    3;   6.3;  92.0;eor
       5688;2018122215;    3;   5.9;  93.0;eor
       5688;2018122216;    3;   6.1;  90.0;eor
       5688;2018122217;    3;   6.0;  93.0;eor
       5688;2018122218;    3;   6.1;  93.0;eor
       5688;2018122219;    3;   6.0;  92.0;eor
       5688;2018122220;    3;   5.7;  95.0;eor
       5688;2018122221;    3;   5.8;  93.0;eor
       5688;2018122222;    3;   5.9;  92.0;eor
       5688;2018122223;    3;   5.8;  92.0;eor
       5688;2018122300;    3;   5.2;  86.0;eor
       5688;2018122301;    3;   5.4;  88.0;eor
       5688;2018122302;    3;   5.3;  89.0;eor
       5688;2018122303;    3;   5.5;  89.0;eor
       5688;2018122304;    3;   5.6;  90.0;eor
       5688;2018122305;    3;   5.4;  89.0;eor
       5688;2018122306;    3;   5.2;  90.0;eor
       5688;2018122307;    3;   5.3;  90.0;eor
       5688;2018122308;    3;   5.5;  90.0;eor
       5688;2018122309;    3;   5.7;  89.0;eor
       5688;2018122310;    3;   5.6;  94.0;eor
       5688;2018122311;    3;   5.5;  92.0;eor
       5688;2018122312;    3;   5.4;  93.0;eor
       5688;2018122313;    3;   5.5;  93.0;eor
       5688;2018122314;    3;   5.7;  94.0;eor
       5688;2018122315;    3;   6.5;  94.0;eor
       5688;2018122316;    3;   7.3;  97.0;eor
       5688;2018122317;    3;   7.5;  98.0;eor
       5688;2018122318;    3;   7.7;  98.0;eor
       5688;2018122319;    3;   7.7;  99.0;eor
       5688;2018122320;    3;   7.9;  99.0;eor
       5688;2018122321;    3;   7.8; 100.0;eor
       5688;2018122322;    3;   7.9;  99.0;eor
       5688;2018122323;    3;   8.0;  98.0;eor
       5688;2018122400;    3;   7.9;  99.0;eor
       5688;2018122401;    3;   8.1;  96.0;eor
       5688;2018122402;    3;   8.2;  97.0;eor
       5688;2018122403;    3;   8.0;  99.0;eor
       5688;2018122404;    3;   7.8;  99.0;eor
       5688;2018122405;    3;   7.9;  98.0;eor
       5688;2018122406;    3;   4.9;  93.0;eor
       5688;2018122407;    3;   3.7;  91.0;eor
       5688;2018122408;    3;   3.3;  95.0;eor
       5688;2018122409;    3;   3.2;  92.0;eor
       5688;2018122410;    3;   3.0;  95.0;eor
       5688;2018122411;    3;   3.5;  91.0;eor
       5688;2018122412;    3;   4.5;  80.0;eor
       5688;2018122413;    3;   3.3;  92.0;eor
       5688;2018122414;    3;   2.6;  96.0;eor
       5688;2018122415;    3;   1.9;  95.0;eor
       5688;2018122416;    3;   1.7;  98.0;eor
       5688;2018122417;    3;   1.4;  95.0;eor
       5688;2018122418;    3;   1.2;  96.0;eor
       5688;2018122419;    3;   0.9;  95.0;eor
       5688;2018122420;    3;   0.7;  95.0;eor
       5688;2018122421;    3;   0.7;  98.0;eor
       5688;2018122422;    3;   0.4;  97.0;eor
       5688;2018122423;    3;   0.1;  98.0;eor
       5688;2018122500;    3;  -0.9;  94.0;eor
       5688;2018122501;    3;  -1.1;  96.0;eor
       5688;2018122502;    3;  -1.6;  96.0;eor
       5688;2018122503;    3;  -1.2;  90.0;eor
       5688;2018122504;    3;  -1.4;  87.0;eor
       5688;2018122505;    3;  -1.6;  87.0;eor
       5688;2018122506;    3;  -1.7;  86.0;eor
       5688;2018122507;    3;  -2.2;  91.0;eor
       5688;2018122508;    3;  -1.1;  89.0;eor
       5688;2018122509;    3;  -0.2;  84.0;eor
       5688;2018122510;    3;   0.5;  87.0;eor
       5688;2018122511;    3;   1.7;  84.0;eor
       5688;2018122512;    3;   1.7;  85.0;eor
       5688;2018122513;    3;  -0.1;  98.0;eor
       5688;2018122514;    3;  -0.4;  99.0;eor
       5688;2018122515;    3;  -0.7;  99.0;eor
       5688;2018122516;    3;  -1.1; 100.0;eor
       5688;2018122517;    3;  -1.4;  99.0;eor
       5688;2018122518;    3;  -1.6;  99.0;eor
       5688;2018122519;    3;  -2.3;  98.0;eor
       5688;2018122520;    3;  -2.9;  95.0;eor
       5688;2018122521;    3;  -3.4;  94.0;eor
       5688;2018122522;    3;  -3.4;  93.0;eor
       5688;2018122523;    3;  -3.8;  93.0;eor
       5688;2018122600;    3;  -3.3;  86.0;eor
       5688;2018122601;    3;  -0.8;  63.0;eor
       5688;2018122602;    3;  -1.5;  60.0;eor
       5688;2018122603;    3;  -3.0;  77.0;eor
       5688;2018122604;    3;  -4.1;  80.0;eor
       5688;2018122605;    3;  -1.9;  54.0;eor
       5688;2018122606;    3;  -1.0;  47.0;eor
       5688;2018122607;    3;   0.3;  30.0;eor
       5688;2018122608;    3;   0.9;  34.0;eor
       5688;2018122609;    3;   2.5;  40.0;eor
       5688;2018122610;    3;   2.6;  73.0;eor
       5688;2018122611;    3;   4.3;  71.0;eor
       5688;2018122612;    3;   5.3;  70.0;eor
       5688;2018122613;    3;   5.5;  55.0;eor
       5688;2018122614;    3;   5.3;  39.0;eor
       5688;2018122615;    3;   3.8;  32.0;eor
       5688;2018122616;    3;   1.3;  42.0;eor
       5688;2018122617;    3;   0.2;  47.0;eor
       5688;2018122618;    3;   1.2;  36.0;eor
       5688;2018122619;    3;   1.2;  42.0;eor
       5688;2018122620;    3;   0.3;  39.0;eor
       5688;2018122621;    3;  -0.1;  39.0;eor
       5688;2018122622;    3;   0.6;  30.0;eor
       5688;2018122623;    3;   1.1;  28.0;eor
       5688;2018122700;    3;   1.1;  27.0;eor
       5688;2018122701;    3;   0.6;  30.0;eor
       5688;2018122702;    3;   2.4;  18.0;eor
       5688;2018122703;    3;   0.8;  30.0;eor
       5688;2018122704;    3;   2.2;  19.0;eor
       5688;2018122705;    3;   3.0;  35.0;eor
       5688;2018122706;    3;   2.6;  42.0;eor
       5688;2018122707;    3;   1.4;  47.0;eor
       5688;2018122708;    3;   1.8;  51.0;eor
       5688;2018122709;    3;   0.5;  58.0;eor
       5688;2018122710;    3;   3.5;  54.0;eor
       5688;2018122711;    3;   5.7;  54.0;eor
       5688;2018122712;    3;   6.9;  60.0;eor
       5688;2018122713;    3;   5.4;  66.0;eor
       5688;2018122714;    3;   4.6;  74.0;eor
       5688;2018122715;    3;   3.7;  75.0;eor
       5688;2018122716;    3;   2.5;  80.0;eor
       5688;2018122717;    3;   1.8;  70.0;eor
       5688;2018122718;    3;   1.5;  65.0;eor
       5688;2018122719;    3;   3.0;  54.0;eor
       5688;2018122720;    3;   3.9;  46.0;eor
       5688;2018122721;    3;   2.6;  49.0;eor
       5688;2018122722;    3;   3.5;  35.0;eor
       5688;2018122723;    3;   3.8;  30.0;eor
       5688;2018122800;    3;   3.7;  42.0;eor
       5688;2018122801;    3;   3.4;  41.0;eor
       5688;2018122802;    3;   2.7;  50.0;eor
       5688;2018122803;    3;   3.3;  42.0;eor
       5688;2018122804;    3;   2.5;  47.0;eor
       5688;2018122805;    3;   1.9;  54.0;eor
       5688;2018122806;    3;   2.1;  46.0;eor
       5688;2018122807;    3;   2.3;  46.0;eor
       5688;2018122808;    3;   2.8;  49.0;eor
       5688;2018122809;    3;   2.9;  54.0;eor
       5688;2018122810;    3;   4.0;  62.0;eor
       5688;2018122811;    3;   5.8;  45.0;eor
       5688;2018122812;    3;   4.6;  69.0;eor
       5688;2018122813;    3;  -0.2;  99.0;eor
       5688;2018122814;    3;  -0.2;  99.0;eor
       5688;2018122815;    3;  -0.6;  95.0;eor
       5688;2018122816;    3;   0.9;  60.0;eor
       5688;2018122817;    3;   2.6;  46.0;eor
       5688;2018122818;    3;  -0.1;  60.0;eor
       5688;2018122819;    3;   1.0;  46.0;eor
       5688;2018122820;    3;  -0.5;  59.0;eor
       5688;2018122821;    3;  -0.7;  65.0;eor
       5688;2018122822;    3;  -1.7;  76.0;eor
       5688;2018122823;    3;  -2.5;  81.0;eor
       5688;2018122900;    3;  -0.9;  74.0;eor
       5688;2018122901;    3;  -1.8;  79.0;eor
       5688;2018122902;    3;  -2.2;  85.0;eor
       5688;2018122903;    3;  -2.9;  82.0;eor
       5688;2018122904;    3;  -4.1;  85.0;eor
       5688;2018122905;    3;  -4.8;  88.0;eor
       5688;2018122906;    3;  -4.8;  90.0;eor
       5688;2018122907;    3;  -4.8;  87.0;eor
       5688;2018122908;    3;  -5.0;  89.0;eor
       5688;2018122909;    3;  -4.7;  97.0;eor
       5688;2018122910;    3;  -4.1;  97.0;eor
       5688;2018122911;    3;  -3.8;  97.0;eor
       5688;2018122912;    3;  -3.2;  98.0;eor
       5688;2018122913;    3;  -2.9;  96.0;eor
       5688;2018122914;    3;  -2.5;  97.0;eor
       5688;2018122915;    3;  -2.5;  98.0;eor
       5688;2018122916;    3;  -2.9;  97.0;eor
       5688;2018122917;    3;  -3.9;  96.0;eor
       5688;2018122918;    3;  -3.4;  98.0;eor
       5688;2018122919;    3;  -3.4;  96.0;eor
       5688;2018122920;    3;  -3.6;  97.0;eor
       5688;2018122921;    3;  -3.4;  96.0;eor
       5688;2018122922;    3;  -3.5;  96.0;eor
       5688;2018122923;    3;  -1.6;  93.0;eor
       5688;2018123000;    3;  -1.5;  93.0;eor
       5688;2018123001;    3;  -1.3;  94.0;eor
       5688;2018123002;    3;  -1.1;  96.0;eor
       5688;2018123003;    3;  -1.8;  97.0;eor
       5688;2018123004;    3;  -1.6;  97.0;eor
       5688;2018123005;    3;  -1.6;  97.0;eor
       5688;2018123006;    3;  -1.5;  98.0;eor
       5688;2018123007;    3;  -1.5;  99.0;eor
       5688;2018123008;    3;  -1.4;  99.0;eor
       5688;2018123009;    3;  -1.0;  99.0;eor
       5688;2018123010;    3;  -0.5;  99.0;eor
       5688;2018123011;    3;   0.0;  98.0;eor
       5688;2018123012;    3;   1.0;  94.0;eor
       5688;2018123013;    3;   1.5;  90.0;eor
       5688;2018123014;    3;   1.8;  90.0;eor
       5688;2018123015;    3;   1.1;  93.0;eor
       5688;2018123016;    3;   1.3;  90.0;eor
       5688;2018123017;    3;   1.4;  86.0;eor
       5688;2018123018;    3;   0.8;  90.0;eor
       5688;2018123019;    3;   0.7;  91.0;eor
       5688;2018123020;    3;   1.3;  84.0;eor
       5688;2018123021;    3;   1.5;  82.0;eor
       5688;2018123022;    3;   2.2;  77.0;eor
       5688;2018123023;    3;   1.3;  91.0;eor
       5688;2018123100;    3;   0.9;  94.0;eor
       5688;2018123101;    3;   0.7;  97.0;eor
       5688;2018123102;    3;   0.6;  98.0;eor
       5688;2018123103;    3;   0.8;  97.0;eor
       5688;2018123104;    3;   1.0;  96.0;eor
       5688;2018123105;    3;   0.5;  99.0;eor
       5688;2018123106;    3;   0.9;  99.0;eor
       5688;2018123107;    3;   1.3;  97.0;eor
       5688;2018123108;    3;   1.4;  97.0;eor
       5688;2018123109;    3;   2.1;  98.0;eor
       5688;2018123110;    3;   3.4;  96.0;eor
       5688;2018123111;    3;   2.9;  98.0;eor
       5688;2018123112;    3;   3.6;  97.0;eor
       5688;2018123113;    3;   3.7;  97.0;eor
       5688;2018123114;    3;   3.5;  97.0;eor
       5688;2018123115;    3;   3.8;  95.0;eor
       5688;2018123116;    3;   3.1;  97.0;eor
       5688;2018123117;    3;   2.8;  98.0;eor
       5688;2018123118;    3;   3.5;  96.0;eor
       5688;2018123119;    3;   3.0;  98.0;eor
       5688;2018123120;    3;   2.8;  95.0;eor
       5688;2018123121;    3;   2.9;  94.0;eor
       5688;2018123122;    3;   2.9;  94.0;eor
       5688;2018123123;    3;   1.7;  94.0;eor
